116 1
216 587
490 797
123 940
375 272
504 453
586 257
657 940
974 810
286 429
864 806
693 908
375 166
239 849
377 131
908 443
886 540
947 150
534 12
452 248
428 982
319 599
220 276
658 459
349 679
306 640
603 66
867 69
25 283
91 335
58 235
640 495
500 501
379 847
511 191
524 339
584 271
693 617
726 84
759 798
133 992
634 957
57 78
734 878
450 634
772 980
97 182
665 78
283 385
208 596
272 879
960 922
244 265
238 906
308 437
964 449
771 172
82 686
767 114
676 131
725 178
419 571
982 162
598 197
929 942
629 815
403 737
969 967
903 323
53 20
722 188
330 292
641 180
316 170
678 768
588 622
482 557
402 154
557 556
809 187
548 731
844 472
336 623
84 279
484 698
143 587
123 741
673 269
906 698
725 745
206 786
900 476
962 336
939 880
719 79
185 348
208 997
596 306
193 563
98 234
537 884
708 48
877 464
218 152
966 299
101 253
763 62
869 897
180 802
860 998
954 725
396 681
808 318
528 470
394 294
589 537
809 912