154 2
415 760
198 461
592 679
833 758
464 479
527 626
492 874
382 856
132 38
212 175
395 62
575 490
460 263
794 768
685 2
82 303
663 483
595 815
405 652
76 914
134 560
731 936
383 912
419 927
303 732
535 922
784 685
102 413
34 835
144 327
654 733
989 782
62 909
972 556
961 788
710 462
28 844
1 695
675 968
507 778
47 160
272 96
606 359
714 609
511 277
10 547
4 648
446 994
393 176
79 26
912 60
46 353
404 826
240 925
736 600
123 764
775 505
877 120
943 970
855 641
139 208
212 536
487 470
178 266
147 101
206 990
482 312
592 732
989 488
47 107
910 976
241 415
123 567
72 857
419 619
236 129
975 409
247 255
666 233
793 471
537 571
358 359
201 159
452 462
613 501
377 658
750 532
246 585
766 127
926 430
251 609
831 216
699 709
616 71
955 685
371 978
291 872
806 942
317 782
9 985
233 874
77 196
704 6
15 10
938 227
662 475
480 105
640 89
118 118
736 970
78 69
593 382
15 561
818 290
9 94
447 642
730 388
560 866
446 100
521 350
249 79
432 804
629 155
786 178
416 58
435 55
577 66
507 512
160 740
693 415
660 556
320 653
294 659
827 322
270 764
589 793
352 365
607 445
933 280
350 140
853 234
877 805
491 357
844 657
749 741
240 956
482 495
930 324
463 365
546 652
537 204
729 555
742 990
331 777