102 998244353
154 122
552 640
630 4
268 543
447 927
488 908
677 777
919 801
375 515
89 182
186 227
845 828
982 265
797 856
661 917
559 234
161 239
669 570
616 184
854 879
586 25
848 735
691 227
106 997
643 672
392 583
96 609
393 900
758 111
445 690
666 153
242 750
307 588
895 309
366 575
726 469
268 734
297 79
267 120
597 710
951 513
392 873
919 727
368 962
296 761
787 495
564 346
474 59
915 595
181 535
795 827
167 186
766 140
556 322
896 829
99 1
885 914
691 64
61 856
795 563
982 770
124 622
258 666
487 96
425 274
706 409
585 828
937 773
996 876
470 920
154 180
610 23
280 386
776 479
991 438
519 81
367 779
427 789
864 866
867 647
465 159
128 477
327 382
73 980
90 931
986 341
847 11
960 345
144 451
490 334
294 723
980 875
115 893
354 151
760 621
472 387
965 568
421 282
860 168
962 805
592 381
483 691