120 87
431 99
848 238
858 719
760 708
262 232
533 562
500 619
589 624
236 861
507 796
944 368
304 737
73 982
380 370
648 642
279 758
416 379
119 791
520 598
852 967
163 438
59 126
836 679
137 136
868 943
923 539
512 714
705 429
76 584
680 710
815 902
690 238
774 660
767 325
254 221
725 499
811 677
169 356
784 135
184 258
519 442
605 382
266 12
394 210
927 376
366 884
498 814
808 156
418 852
441 335
242 452
285 436
989 859
287 300
384 382
550 624
175 630
703 502
477 344
128 937
366 595
20 914
53 178
795 614
903 934
753 94
793 104
575 720
566 161
497 253
203 87
918 983
594 265
373 436
481 477
90 511
716 916
11 279
877 825
367 378
311 777
718 441
497 338
328 569
628 456
362 280
597 692
916 666
731 714
963 953
126 956
875 595
448 702
493 155
420 13
165 647
643 693
268 941
85 570
809 349
12 220
864 774
716 641
891 740
418 840
189 144
386 281
645 362
560 713
24 344
532 64
493 700
74 822
709 78
23 723
564 917
799 995
623 505
585 745
879 414