2000 864
4926 3760 2424 1680
1525 885 2587 6493
4475 4120 1543 4559
2170 1929 3735 1920
844 1256 5517 3054
2976 4957 1126 403
2365 2913 3254 1680
1275 918 5724 2329
6508 2905 3321 3079
1344 3523 2732 2595
3176 3338 43 14
1409 1276 4967 1878
2785 4214 2666 3036
1158 1624 3341 1754
1212 677 4755 3986
3761 4099 215 373
1752 1925 2008 2972
493 1059 4619 3898
1148 2717 2501 4304
3264 3904 1697 1579
2330 1616 2507 5591
1509 1886 2589 3629
2669 5125 3219 2645
4361 3803 474 189
4249 3224 1366 2453
2587 3003 2229 1363
843 1122 2387 4387
4290 3538 4446 1493
485 378 2934 7753
2783 1443 2121 1978
1762 1073 3346 4418
3877 1356 3204 3449
3292 2039 3017 3349
5702 3829 2296 2993
4459 5170 1926 3175
4890 1968 740 948
4241 2838 520 459
424 1100 2307 4320
4154 4272 379 146
5605 1937 1680 2151
3144 3885 2867 2309
1371 506 2726 4651
2078 5921 3733 2380
1419 507 3049 6062
4203 4336 269 189
2205 6602 1719 1467
1000 1197 5367 3366
2847 4670 2874 1754
2052 2626 4062 1863
2906 4499 2162 3822
3491 2419 1106 1448
3657 5610 264 243
775 654 1799 4694
4776 4136 516 585
752 2035 4851 4244
4009 2230 394 382
3075 2556 1978 4243
2752 2065 3567 2187
2766 5258 1193 1267
3063 2430 1918 1712
2884 5365 3795 1330
1112 1350 6417 2916
3464 1566 3480 3294
4554 1948 507 306
2094 3281 2734 3279
6565 3110 1333 2398
6292 2146 1473 2421
2449 4268 3338 2081
2171 3520 2048 2525
2318 2079 2730 3014
2879 1321 4376 3316
4120 1733 1312 2748
5600 2733 1887 2757
493 203 3723 3209
3309 2702 3191 1130
497 253 5196 3825
3172 4691 1373 944
7045 2813 1778 1503
3213 3992 1879 2346
3467 1372 2641 1332
2545 4759 397 676
4275 4270 848 1869
2690 6912 832 411
3993 1732 2970 3198
2318 6111 2753 1096
2451 1632 3171 2666
2065 1195 4261 2553
1635 1783 3266 2641
1081 2849 3813 1375
1126 1880 4099 2333
3725 6121 1597 1648
2996 4042 921 658
7112 2395 3255 2628
2216 1445 3668 2656
2573 1863 1407 3847
2981 2388 3562 1739
2528 1416 3153 3013
2034 2259 1414 2491
3098 6469 1444 546
1950 2455 3051 1542
2877 6056 1299 523
308 361 3426 3486
2079 2098 3742 2994
747 1962 1878 3972
542 581 2384 3647
619 979 5207 2875
2021 2039 2008 2196
2511 6119 924 2623
1415 970 4413 1784
6395 2547 2012 1404
1200 593 1642 4239
2211 3076 2322 3467
1556 791 4517 1950
2381 3855 2143 3798
6396 3463 2204 1245
718 1269 3927 5379
2722 3760 1386 2976
1676 856 3036 4197
5063 2816 203 478
1839 3863 313 424
616 1116 3565 4950
331 807 5801 5103
925 736 5813 2696
7436 2487 803 523
3378 5696 258 342
403 323 6561 4566
501 319 3103 2883
1335 1198 5452 3030
1941 1396 4086 2424
1014 1346 6261 2953
2035 1041 4429 1608
3016 4200 4100 2214
790 413 3383 2253
2592 5497 2465 1135
539 279 3080 7327
2765 1360 1509 2913
3818 1287 3389 1902
3528 5487 2203 1275
5710 2384 1100 2933
3161 4204 905 1698
2999 4950 435 995
1579 1518 3672 2598
5052 4097 2676 2064
1056 1748 3361 2988
4517 3490 1450 1525
2093 2300 5012 1860
3498 1556 1831 1692
3732 4336 1982 2072
3385 2299 555 707
340 282 4565 2511
6284 3682 22 16
1908 1151 3011 2993
1112 1572 2762 3816
2250 2477 4250 2532
4173 2006 3579 1774
6167 2150 3152 1906
2219 947 2548 4600
4949 3782 1140 1338
4480 3209 1986 1021
3981 5666 1123 3227
2702 5323 234 493
2041 2523 4656 1738
2554 1064 2980 3895
1554 4209 1002 2573
2136 5893 2953 1754
339 413 3025 5040
328 398 3253 5142
1602 2344 3727 1490
2316 1329 3927 3044
2629 2778 1723 4333
3612 5410 2724 2577
2426 5588 3839 1383
5539 3144 2759 2657
1143 1239 3070 6006
974 1738 2408 3167
1009 586 3430 5540
840 1684 5541 3447
6632 2373 3204 1836
4679 2777 2964 1119
3566 4910 943 2292
4096 3313 1960 3958
5083 4898 1428 1027
3076 1204 2096 4254
5179 2259 608 1799
4403 3911 2835 3134
2771 987 3828 3517
2173 3361 2074 3843
1199 1946 4908 2169
2518 4424 266 409
2158 798 2395 5634
2367 2247 3242 3418
3220 5275 3465 1945
1645 604 2695 3556
5437 2754 2258 1281
3160 6386 223 530
5017 1804 2822 3508
2764 5202 2143 1694
2086 4686 582 503
2680 2972 2812 1427
2203 4397 2373 994
1499 3469 3579 2288
1631 1000 3490 1926
2443 4954 71 121
3355 2493 440 872
5193 2758 1814 1987
2328 4179 2035 3739
3563 3802 2173 730
1457 829 2953 3548
485 1034 4256 1988
4831 1638 319 211
4228 4738 208 202
290 565 4875 2419
4478 2596 98 214
875 1447 2284 3681
3909 2382 817 1200
2036 2421 3379 2622
2747 1566 4418 2999
436 645 3695 4682
2476 5840 2042 4079
6128 2442 3708 2274
3250 1645 2448 4011
4222 3605 3415 1940
259 335 4253 6534
2937 5867 41 54
3934 4725 1496 3049
2378 3176 1985 3391
311 656 2376 5090
2610 6840 2215 1142
1005 1921 4003 3103
4564 2616 2124 1864
330 311 3427 4585
2579 5411 2872 2569
3665 5923 467 1050
4470 1804 559 594
3352 5114 2964 1643
2077 1693 1940 2961
5342 3386 3149 3134
1035 1760 1540 3631
951 685 4128 1610
2319 2491 2957 1527
3773 1524 2637 3746
999 1273 3382 4710
4842 1844 1128 2690
1023 886 6342 2232
2577 1332 2177 3706
380 987 2323 4667
2134 2927 3254 1154
269 769 1833 4271
795 2102 2879 1815
1451 1865 2070 4571
569 651 2070 5921
1786 2002 1729 4775
4358 1778 1657 970
828 1222 5442 3950
804 1682 2223 5615
441 742 3009 3981
846 2492 2561 3871
2987 6963 3406 1805
2361 2025 2978 1013
1262 431 2085 3922
2382 981 2712 5203
1448 1795 2633 5309
6521 2577 2783 934
3426 3785 1763 1489
376 458 3342 2491
2746 2112 1381 3070
2140 4358 1608 2107
1428 2484 1646 3256
1003 2938 1864 2498
4438 3888 127 65
1313 970 3729 1881
1815 4317 2234 3055
5465 3726 1722 3805
1238 900 2933 5313
3099 3111 922 450
1310 2773 2324 4502
2090 5673 827 1746
768 973 4099 5903
1334 3956 1917 1594
4266 3940 1999 1246
690 918 3970 5371
2699 5592 2620 2458
3529 1290 2958 3640
976 2178 3379 3655
1305 3213 4007 2826
245 575 4119 6996
282 409 6013 4939
270 809 4068 2129
3301 1147 3250 1796
4341 2614 2122 1682
1163 421 1686 4454
5709 2786 345 672
1688 1599 4956 3777
2388 3050 3044 3198
3206 4972 27 10
2507 2533 2303 3949
3551 3146 1253 3218
2689 1774 4878 2106
687 1005 3255 6848
918 408 5069 3088
1458 1037 3797 5075
1063 2677 5833 2215
2856 1790 2006 1743
4446 5382 3125 2826
952 949 3825 5680
5915 3119 714 538
5208 3001 2325 779
5772 2748 937 622
1367 2665 4584 2124
1107 1539 5003 4033
965 967 2861 4741
3394 3957 1104 2318
612 1725 5426 4110
3762 3038 1899 1825
1456 3289 3020 4315
1499 662 3624 3834
2610 4729 1845 2231
739 1043 5274 2059
1312 771 2827 3601
4552 2704 774 2291
455 1338 1923 4941
1904 1726 4065 3319
2622 2235 2212 3918
2288 2191 2113 3459
5741 2468 1297 3669
1138 1990 2232 4368
3234 6131 460 979
6209 3150 4598 1691
1882 2075 2080 3938
2549 4416 3608 2167
2776 4662 3524 2862
3398 3185 76 75
5553 3999 1347 2782
3004 3337 1502 803
3730 1566 1895 3093
2699 4490 1598 1996
1832 2552 2092 5113
2854 6463 1789 3058
1961 866 4901 4061
5443 2486 1117 946
3640 2249 995 700
797 1471 3525 1575
1863 2617 1467 3784
1923 5526 1257 772
2706 5100 874 519
3254 6133 714 841
2585 3497 1155 414
3598 2922 858 1399
2802 1047 4846 1765
502 1315 2054 3103
1304 823 5209 3498
2622 7377 1041 2475
2875 2079 1888 3046
4284 5471 2593 1599
5071 3303 901 1031
2199 3089 2664 3802
2406 4185 1843 1473
2917 1385 3576 1423
752 1803 2724 4244
7051 2898 3318 2030
1848 641 2546 4035
2019 5443 2081 1573
372 678 2771 2827
1814 3257 1336 4011
3062 6710 267 261
2056 3680 4546 1722
2421 4004 1334 2686
1646 3977 2670 2614
2939 5804 2180 3562
4618 4277 1193 2743
3455 5242 1444 2053
1883 2249 2543 1447
2649 1971 2772 2036
6219 3619 2500 893
1096 705 3053 3182
5644 2514 4345 1904
499 1064 3503 3697
1298 2138 3714 2063
893 1968 5335 3185
856 2344 5947 2871
219 382 3162 6154
2479 3439 2601 1062
1260 829 2081 4547
2986 1680 1258 3598
200 383 2743 5935
2524 3107 3554 2615
4773 4710 637 1879
2672 5643 2881 1141
1216 989 4231 2167
3642 2640 1743 3425
2500 5122 1350 1396
915 836 2605 7220
1644 3732 3688 1968
6161 3683 491 901
2682 2995 1582 2933
3229 1292 2768 4660
2508 1339 2310 4664
1683 1497 2058 4381
2846 4630 218 122
4253 4336 306 337
3308 1563 2388 2469
2867 1601 3361 3314
4472 3416 1466 3424
1102 849 3671 5843
3239 3039 2890 2382
1938 1614 4107 3841
3877 3874 779 498
2245 6594 4726 1614
2196 4904 3128 2676
2006 1443 1793 3765
818 765 3691 3046
2403 1119 1613 4618
1450 3524 2214 2714
2293 6551 685 1699
1346 639 3777 5274
1723 2243 1789 2965
1305 3404 2612 4061
1491 2911 4552 1644
3263 6184 7 7
6158 3795 2406 2696
2352 2960 1470 2613
3037 1188 1657 2583
410 636 6139 2155
2719 2963 2022 1319
3435 5073 532 444
1586 1474 1734 2815
512 585 2249 5563
6461 2904 2197 2426
1274 2552 1226 3377
1591 1765 1925 2957
1005 2569 3774 3546
820 311 2770 7112
1086 2152 2895 4995
3713 3077 1415 1000
244 398 2283 4839
2154 1200 1948 2704
5004 3210 1543 3495
3692 3805 3281 1110
2497 5485 3682 2508
6168 3455 727 785
1712 3177 2451 2578
3449 4749 2897 2651
1751 4989 3118 3040
5313 2802 1891 1844
1762 3685 2544 3088
1655 971 2090 2899
2368 1565 4093 3796
1350 2843 2499 1982
860 1411 1836 4940
2016 3628 1247 2706
1332 1392 3836 2723
1157 723 2203 5646
2629 4128 3590 1820
1614 4027 3622 1588
1519 4352 122 147
2017 2287 1792 4326
678 1861 2873 4706
3494 5234 154 271
546 1365 2319 3564
2974 2925 749 801
2048 3378 3784 1271
577 250 3184 3896
2820 4291 1362 1009
746 1328 5334 2047
3503 3412 1976 850
1304 2794 1743 3872
631 349 4025 1897
1848 1072 3757 3366
2101 2066 3758 1855
2621 886 3450 4177
4617 2661 107 193
6567 2542 432 447
1814 2936 2850 2383
3459 5729 2753 3539
2549 2609 3160 2808
1123 2518 1762 3102
1018 1797 3303 2837
761 1604 4152 1779
755 2131 1682 4058
1978 5411 2093 3252
2936 5867 1450 494
5118 4109 168 60
185 419 4727 3256
1243 2285 3502 3892
2766 1014 4219 2261
2981 2935 1434 3364
4128 5737 1951 1476
2332 5965 1590 801
4940 3339 1797 803
3592 3212 452 392
1297 1760 2894 3036
506 790 4781 3882
2521 2046 2663 1829
3951 2133 1823 1997
3114 1459 2160 1670
1040 428 2529 4278
1856 4727 942 913
3786 3274 366 506
491 754 2622 3958
797 466 4233 3547
2589 6681 251 222
2655 5830 1023 545
1723 3333 3385 3545
4113 4658 2172 1098
2737 1532 2769 2187
2023 4614 2015 1797
2141 1538 3245 1209
1924 1131 2971 4574
3421 6109 2937 2297
1666 2798 4293 2103
2130 3269 4486 1629
3811 5488 900 2054
1137 2441 1677 4652
4687 3853 602 969
1577 840 1489 4030
915 416 2913 4319
4119 2772 675 849
389 857 2740 3418
728 1006 2127 5162
3527 4449 1806 2913
1121 1662 3520 4079
3650 1595 2769 2310
600 621 5516 3911
6424 2459 420 203
2168 5917 3010 1138
2753 4105 1313 968
5062 3618 1699 1060
3220 3782 3211 2577
2114 3053 2880 1559
2373 1064 2678 1665
3043 1169 2607 2727
1129 1826 3867 3408
1929 1873 2957 4049
1609 3584 2303 3234
2083 3684 380 938
3521 1907 2738 3825
3344 6158 929 502
1371 1461 3649 3060
3310 4389 842 890
2539 1154 4571 3210
4944 2257 437 284
230 553 7467 3316
540 1614 4280 2337
2173 735 3203 4851
461 603 2482 3105
1562 4572 1719 871
1073 636 3125 2103
3601 1278 4062 2257
1210 3019 4092 1658
5606 2714 1437 1147
2130 6003 399 522
2463 3193 1489 2569
1502 2005 1730 3975
776 1102 5140 3356
4084 1534 3455 1677
551 186 4035 4279
4255 3592 821 1892
3091 3645 601 675
863 1087 3373 4483
413 302 2490 7019
4160 1883 101 158
4713 4120 375 540
2772 2092 2469 4099
972 1111 2515 4490
3638 4934 73 195
4208 2236 2332 1507
3346 1369 2523 2651
1314 2913 4738 1661
391 478 6314 3349
1552 1372 4280 4857
3692 2423 947 369
2002 2117 2721 4265
454 1022 4913 3526
6907 2648 3514 2485
721 1173 5658 2876
973 947 2479 2676
3423 4824 3430 2359
4196 3490 29 69
468 200 5111 1979
3341 1180 2701 3086
2003 5489 634 570
222 587 1985 5586
302 323 4718 5817
2111 937 4010 1785
1148 1605 3572 2007
1287 739 3433 2100
2993 4046 241 120
2403 3585 756 1291
2418 4543 2451 1064
922 1457 4519 2964
2315 4131 2219 1589
5222 3432 2054 4018
3958 5336 82 27
2951 4329 1592 2039
3885 2863 216 243
6406 3483 2013 1944
2020 2724 2479 3174
480 1101 2389 3936
5195 2006 573 511
3548 1231 4912 2213
1561 2210 2116 2527
3833 3788 1615 1576
3911 1446 2590 1673
2669 6165 2380 1516
2897 1843 1644 3140
3947 3324 236 597
4192 1618 87 154
2733 6791 32 74
2144 3096 1901 1550
605 1187 4931 1795
2356 6694 340 853
2985 5324 1784 617
1929 1767 2910 3784
1080 1766 4633 3027
2878 1414 1577 2945
4684 2629 4094 1892
775 1482 4074 5495
3271 5917 1290 628
1372 1354 2516 3373
3850 1667 1528 2049
3980 2833 1749 667
544 744 5555 4466
2137 867 3472 1995
665 672 6804 2455
3559 2382 3247 1991
5344 4568 1167 737
970 628 2915 2354
3605 3755 1970 800
728 1089 4166 4670
1122 2522 3121 5155
1289 556 4969 2055
2614 2616 2863 1924
3015 5544 3886 2525
3241 3673 1488 3234
912 773 2991 7402
2800 956 3002 1422
4447 2317 1040 2545
4621 4028 1935 4330
5090 2462 2364 2471
2188 5289 2072 1962
2841 2060 4005 1859
4053 1814 2672 1901
4694 4655 3790 2600
1523 3013 4746 2693
2214 1342 2641 2597
2065 3083 2138 3910
3563 1383 4216 2700
287 648 2932 4072
819 1787 4086 4769
1651 4687 1263 496
687 1208 5042 4188
1059 1689 4411 3335
909 476 3039 2380
3745 5622 1626 1592
5079 1883 1059 2433
2411 1666 2816 2674
2890 1628 1151 3023
3138 2350 1650 2703
2241 2675 3138 3945
1770 1380 3931 1352
327 258 3684 2612
864 988 2382 5679
2407 5828 1616 1244
3522 2085 2145 1589
2034 4930 4125 1994
2404 6948 1645 3203
191 523 4547 1725
4097 2398 3038 1433
4963 2502 3389 2868
2690 2193 4332 2060
2404 1778 2627 2037
1324 744 3740 1813
3922 4845 1617 3433
730 326 3414 2891
1515 2769 2217 5037
2384 3858 3126 2248
2725 1219 2438 5669
3041 3176 2165 2715
5442 3254 3466 2318
3754 2726 2017 1763
5547 3284 1869 1798
1501 834 4868 3380
750 1595 2192 4847
4433 5313 193 72
1608 1328 3299 1743
3516 5738 983 1964
387 700 7628 3016
2495 4649 470 702
1876 5258 3185 2637
1462 2429 3099 3806
1541 949 2312 3091
2844 7070 1929 765
3896 5840 1707 596
3616 3826 533 919
427 536 7613 2792
1910 4082 1146 878
6696 2620 2136 1411
978 1180 4524 4336
4277 4522 1179 1355
3714 6069 332 994
284 334 3589 3763
3235 4757 274 268
1006 2082 3633 2091
1162 543 3706 4308
5033 2897 689 287
5928 2770 1065 2633
1471 3406 2914 1384
3540 2910 1236 2179
2504 3066 1437 2838
4192 5052 871 2316
2733 2365 3130 2486
1460 1347 3128 2664
1728 626 2517 5203
1924 5052 191 359
2140 4089 831 1085
2340 6865 1119 2277
5171 2351 1561 2432
2237 3022 3335 3335
413 241 6191 4943
2692 7154 3702 2239
5991 3251 2500 2296
5076 1907 221 152
630 782 3259 3888
1514 653 2274 6342
1581 3504 2703 2009
3791 3023 1585 759
3071 2355 2863 3449
5500 2119 1748 1676
3111 3610 1690 2284
666 308 5482 4184
6666 2381 884 969
3706 4988 715 1298
1221 1218 3075 5337
1246 2211 1830 3956
2241 4472 144 371
2073 3834 1713 1735
2649 6474 1066 1921
1129 1120 2512 4770
2056 1942 4004 2228
1414 2236 2419 4350
1836 4758 3170 1102
5530 3648 2259 3584
3246 1916 2355 1331
1240 3299 2338 3412
784 467 5216 3346
2838 6054 1875 3553
479 355 3741 4676
5753 3651 1811 2243
3088 2318 2349 2005
1330 2734 3267 1905
1176 1671 5115 2217
3992 2158 3508 2631
3587 2097 153 207
2781 1045 4317 2424
1750 3107 3057 3594
2396 2994 1460 4192
5178 2516 1568 2107
277 547 3630 3219
2670 2602 2418 1121
3538 3306 1419 573
483 212 5598 3453
1513 2067 3989 2372
3792 5853 2153 1215
4658 4583 966 882
5681 3473 1764 3107
5364 3134 261 285
912 1491 4467 4109
4635 3461 2082 2262
1049 1231 3807 1386
744 453 4112 2841
599 1026 4200 3815
1183 1370 5207 1854
2952 1956 2859 3401
4680 4698 1169 2206
1300 455 3939 2004
3837 3295 2669 1576
3916 6021 2022 994
1459 1500 3158 1668
5559 2353 1497 2115
6962 2394 1113 682
1334 2693 3367 3210
1397 1032 5024 4031
880 1110 4242 1664
3270 2129 3099 2428
3352 2112 2006 2709
1148 1335 4531 3221
1873 3196 2310 4480
4410 4336 2437 3632
2984 6676 319 577
4201 5470 1607 3909
3363 1455 2386 3524
2785 3112 719 1356
3096 6835 970 852
1234 610 5102 4756
2267 5893 482 791
4275 2838 2206 1577
3768 5413 4323 1667
3431 2099 3546 1736
1349 3697 2229 1611
666 1809 6422 2606
2200 4599 2877 2483
3239 1879 2180 1495
2594 2117 1915 4657
5736 3657 3290 1262
2075 4613 1674 4030
854 1833 4169 3320
293 322 3429 2756
896 1978 2659 3386
2668 3498 812 1694
3438 4699 2222 2623
1094 1503 2481 2408
616 832 6753 2938
1862 800 2395 2474
680 2037 5637 2500
5774 2710 1773 2012
861 614 3794 4106
1653 2562 2467 3777
744 833 4791 5053
971 2767 4313 2929
3536 3136 543 548
1636 2565 1144 2865
1625 1694 4590 3976
988 460 7372 3175
816 325 3082 6742
5434 4367 1660 1576
1744 3309 1591 4518
3111 4970 382 450
1163 2643 3005 2190
3420 4243 1901 2306
693 1445 4514 2232
603 1770 2835 2498
2761 2033 2139 2560
734 877 5232 2150
1194 538 6214 2958
2324 1294 4839 2689
4620 3350 824 540
4388 4623 3995 1698
2417 1642 1542 3391
3198 6019 1667 2078
2387 3226 1504 3597
4753 3655 212 116
3097 1586 2927 1315
4421 3555 3696 1376
2865 2578 1079 3009
5648 2095 3275 2774
2448 6706 1142 3384
6720 3251 1617 1044
2056 708 4380 2292
420 158 6531 4398
4276 2574 2163 985
4913 3148 2367 1229
1485 921 4097 3632
2166 2117 4990 2402
2453 2817 2593 1275
5345 2234 1425 2911
3031 4086 1282 1281
1599 912 3517 2948
3092 4039 286 227
2528 1885 1437 3633
3230 1161 3450 1813
1501 4135 1893 2464
3115 2997 2742 2014
4474 2403 1441 3867
266 763 4214 4958
861 1238 3705 5518
2785 1695 2478 4237
1548 2611 2414 1857
5076 3869 1402 738
1748 3534 2356 2202
1128 1615 3092 4168
1550 2013 4106 3610
3779 2917 2057 3217
6302 3333 944 818
2584 1807 1884 3845
1939 2039 5350 2058
2381 1586 2296 2074
1939 2663 3709 1810
2507 4273 895 805
2366 1076 5790 2724
922 1032 5374 4242
1863 803 3954 5118
3149 2836 1861 1782
609 1002 4103 2201
3290 1923 3125 2778
5554 2073 1294 683
4447 4958 757 291
2879 1108 3972 2279
1463 1927 1752 3550
7069 2423 1361 2731
2906 2231 2466 1729
370 340 3144 3350
2972 1929 4009 1470
855 357 4681 4251
4391 1576 2787 2353
959 593 2673 4121
709 295 3603 2524
1471 2054 4190 1519
2507 5178 2963 2484
1474 589 5316 4626
3006 3005 3013 1286
3644 4584 628 795
1381 3889 2861 2826
3569 3139 367 512
5605 2330 3287 1467
232 465 4347 3384
842 476 7325 3285
630 341 3352 3289
4931 4178 1916 1905
1183 619 3183 4259
2475 1590 2879 1861
3829 4136 1180 1436
2024 3725 2517 3100
4252 1727 1749 883
2133 3805 2144 1520
2744 2596 3040 1940
1510 677 2469 3768
502 1471 1434 4151
4694 3090 1539 2956
1864 5084 2113 2535
2147 2782 2999 3860
1525 1108 2319 6067
3058 2171 1835 2646
450 156 2149 4797
3669 6079 1486 2212
2084 1065 2802 3286
1357 906 5807 2285
5315 3555 1260 462
4260 1423 1459 1227
3608 2562 4062 1504
715 245 3767 5162
454 219 4703 6265
4477 3788 2078 961
4486 2705 1499 2430
1973 2021 2343 3550
1197 416 2362 4773
1172 3190 2457 3567
3232 2238 2540 1097
4881 1816 1236 430
3216 3656 565 1581
1999 4591 1354 1552
967 1350 3943 1692
4921 2573 691 350
546 287 2272 5382
5694 2904 1608 1190
563 1544 3605 3255
1832 1550 4205 3391
2242 5188 2166 856
2541 2397 1978 2960
1270 779 2637 6520
2939 1985 1693 3655
491 603 4891 2549
901 984 4240 4170
5822 2365 773 1787
1882 2114 5388 2360
1467 2697 3706 1279
2728 4316 4259 1477
1741 3203 3059 1871
373 773 3406 4166
2528 2915 1985 4190
6089 3149 1013 2607
5566 2839 20 19
2257 4093 43 26
1975 894 4550 4634
6671 3188 2066 940
1912 5325 3627 2254
3573 3098 894 520
5017 3338 1814 1708
1157 803 7367 2669
3131 1441 2340 4751
1308 3822 2280 2320
2444 6576 948 1030
2741 1998 3454 3887
2665 1065 2021 5309
2314 6926 1018 378
1902 4025 119 334
1824 2003 1329 3546
337 748 1831 3720
817 2433 1617 4286
3857 1653 1481 3201
6936 2621 907 1268
1260 2513 2076 4123
2207 3156 2137 1485
503 264 2731 4098
2285 3860 670 612
682 1168 3986 2656
2585 2064 4193 1812
6180 3405 650 593
3363 2451 3429 1919
2915 3467 2831 1330
2817 978 3413 2888
2888 6535 1231 2595
4383 3650 587 1672
6091 2802 1966 1367
4781 3408 1418 942
1739 4123 413 219
3175 2563 2440 1653
1826 2167 4451 2585
1295 579 5392 3668
2678 2444 3191 2191
4618 3729 1762 628
4756 4262 1349 3281
2978 3241 1702 1482
2192 3519 1708 1155
2383 2158 2390 1486
2226 3064 1386 2070
2620 957 4176 2993
5652 4178 9 23
396 260 3888 3045
3419 3303 1893 4431
3493 4174 874 1538
3419 2827 2405 2489
1691 4021 1631 707
6247 3683 907 2374
3702 2430 3214 2051
339 246 3593 3582
1944 2956 3714 1350
800 1026 2431 6900
2826 3680 232 169
2465 5966 1544 2041
2285 2721 2845 3263
645 449 7756 2984
2655 1227 2311 2586
624 998 1975 5345
3569 6092 1584 1314
6524 3403 3126 2071
5776 3682 1171 2111
1657 3292 1706 2383
2132 2129 2440 2819
1898 1452 4541 3828
3772 2720 1841 824
1950 1040 3485 5174
5986 3282 2890 1063
2146 3095 3098 3402
4513 4789 2661 2145
1652 2313 2355 4861
1836 4430 1786 2894
2414 3983 3903 1770
1072 2309 1341 3293
3950 4912 472 171
1037 1738 1644 4449
1204 818 6268 3750
4976 2315 2662 1242
1109 758 2875 7163
1812 1621 2218 3045
1829 1301 2320 4807
1233 912 3632 5213
287 428 2168 5718
1318 1964 4980 3267
658 233 5448 3184
1675 2503 2712 1363
2312 3190 2727 1917
515 1157 3157 6675
1701 1895 2227 2621
1497 816 4361 4266
507 1289 5531 3405
1887 969 6304 2900
1139 517 3476 3729
2759 2975 1087 459
4731 2049 2409 3343
5489 3758 1651 2861
7241 2743 2335 1096
5695 3970 1596 3739
2760 2715 1877 2947
460 1132 2648 3403
1981 1629 3910 2660
2507 874 4243 1508
1743 1486 2906 5541
598 347 6571 2291
414 668 2740 3315
1390 2729 2158 4911
421 192 4767 4882
692 591 3695 6236
4534 5268 251 716
5080 3213 192 87
1546 2371 3809 1821
3968 4407 990 607
481 768 1615 3856
4612 3078 1407 2601
2052 1241 2580 3214
1343 1956 4965 2523
460 237 4785 6366
3198 5061 1284 478
1604 1029 3582 2152
2111 2576 1784 4107
244 653 5695 3831
849 643 2407 3543
565 1295 3600 2920
1461 1797 3095 2407
681 1004 4163 1677
2428 1704 3763 1488
3847 4470 1624 1772
3021 3165 1068 1540
5748 3872 877 1536
3601 5750 936 807
2274 2721 1502 3654
949 2504 2486 2415
3179 1133 5236 1917
5228 4238 1378 1509
2619 1303 3639 3092
816 451 2740 5457
4518 1746 288 125
1976 842 3510 2331
687 1323 2444 3433
562 1387 5121 4774
766 930 6968 3026
1636 1688 2920 5528
2571 1976 3468 3665
3284 5915 2982 1249
2177 1021 4592 1921
5502 3716 510 272
1382 3572 2619 3951
2610 1383 3227 3253
2945 2859 1028 1689
3895 5952 824 919
1328 1309 2275 6021
901 1098 4108 1443
374 530 5515 4598
713 771 4630 3517
4016 5881 665 450
1335 1135 2113 4039
510 1351 3284 2110
3265 2690 3722 2153
765 355 6842 3891
3148 4171 3753 2628
1447 1615 3543 1706
2542 3061 1886 4163
2892 6093 2620 2952
2683 5568 2783 3312
3238 2007 3192 1261
3714 4225 1951 1168
1843 2471 2446 2386
2304 1244 5788 1950
967 425 4898 2132
4270 5000 145 217
4302 4112 4334 2017
1635 1305 2438 3031
3584 5961 985 2928
884 324 5725 2209
1853 911 3557 3437
2589 6181 3996 2306
962 588 3385 3525
2804 5983 1992 2924
1889 3405 2061 2123
2915 2045 2947 1637
3981 1565 2544 1120
663 809 4272 3124
3289 1660 1905 2617
935 1555 4145 4420
3122 5139 2709 1027
1972 3350 2515 4215
1674 962 6074 2963
363 858 2856 7770
1046 1646 3938 4362
2967 6038 1381 3724
5732 4055 2005 2074
4770 4195 1498 980
5448 2953 3228 1724
677 1050 3417 3251
4460 2003 2391 3329
775 1239 4484 2440
1777 1441 3433 1660
686 929 5803 3539
2960 6701 2836 2392
765 1427 3884 2323
1674 2021 4297 3248
2637 1960 2267 4583
2960 1928 3277 1358
678 387 2625 3116
1122 473 3882 4323
5398 3277 2218 3315
5720 3695 3189 1237
3272 2567 1761 3001
718 1841 2457 4110
638 497 5945 4820
6364 3268 1538 990
2203 2056 2888 4737
2024 3954 138 322
1393 901 1779 3813
4825 3570 249 470
5632 3475 3024 1527
4009 3565 96 107
3403 3367 1797 893
1558 881 5463 3852
518 514 5142 3398
344 575 1724 5092
1930 4488 801 2284
1452 2104 3194 1131
1057 1810 3482 5564
197 574 4213 2184
4229 4341 1959 2793
3895 4135 1928 3123
2087 823 3471 3343
1336 618 4487 3987
4414 3530 846 1712
3873 3337 3977 2269
3681 5317 816 348
1991 3115 2598 4040
907 2154 4179 1842
2500 2474 1845 4641
5042 3932 456 171
1938 5062 1753 658
4056 1890 2115 2625
2483 3019 2055 2019
3543 5829 2811 2295
4004 1401 2994 2953
461 814 6443 3692
2916 5634 1954 2367
1199 420 3282 4670
3601 2102 99 129
661 800 4154 5638
3850 3072 2883 1905
5316 3289 2086 1495
3542 6374 2013 2269
2476 925 4369 2806
469 1006 3151 6868
3681 1570 2943 1997
4793 3867 582 690
2260 5741 2789 2444
698 685 3686 2487
804 842 7319 2573
3568 1614 3251 2615
388 568 2535 6075
5366 3727 421 1010
1514 1311 2673 4160
2144 738 1413 3804
388 485 4781 4287
656 1826 2937 4206
2740 4507 2470 2087
5410 4095 2098 1268
2835 6930 1591 4080
217 451 2636 4835
605 1322 3363 2852
6169 2074 523 242
2969 4961 918 2373
6097 2327 944 1905
3410 5315 350 461
2748 5446 3095 2019
2208 3760 1402 3015
954 2466 6074 2351
3210 3561 2727 2801
2232 3714 2026 3296
3914 2221 25 37
1704 4336 3482 2590
3688 1805 3530 1445
2747 3084 2129 3438
811 1468 6734 2950
720 1650 2045 4216
750 508 3321 2572
1266 1086 2417 5861
1952 4336 775 1079
5461 3425 1337 1361
1637 4197 259 167
1270 1580 3402 4720
1523 910 3481 5520
5845 3643 1737 758
1532 3757 2982 3094
1926 1264 5709 2525
3275 2630 1760 3345
884 310 2912 6056
254 582 6110 3778
2107 2094 3566 2749
2302 5771 3258 1600
4493 4212 2920 2715
3308 2424 632 531
2510 5028 944 2461
913 735 2956 3123
1537 3128 1474 4337
1417 1137 3332 4466
2522 998 3957 3513
2529 845 2457 4168
4376 4997 1875 4307
3446 1224 3396 3941
592 209 4065 1720
3175 3266 1229 2317
489 1308 2390 5056
1676 2567 4005 2593
3861 2868 2481 1335
2394 1170 3189 4628
4147 2802 2432 2370
3315 5346 909 1636
3464 4297 338 135
2023 5502 150 326
4560 3770 2680 2329
1698 2147 3034 3050
3756 4204 36 52
1448 4032 2438 2448
5872 2708 802 2100
2854 1779 1868 5273
1745 4964 1634 2080
2206 1169 4935 2014
5082 1984 2421 2513
5439 1857 3373 2912
3924 5165 11 13
4520 4179 2044 1692
1757 4007 1625 3889
2414 1542 5711 2208
460 243 1731 5111
4354 2139 1684 636
926 443 6384 2401
2885 4218 1524 1670
3295 3861 2372 2682
3822 3475 1851 3918
6987 2947 3519 2023
504 691 5376 1882
6388 2407 1535 658
1562 1431 2329 4379
4328 2651 3264 2677
1640 907 2456 4929
4518 5439 214 237
1197 2235 3164 5364
5759 2190 3769 1720
552 591 3734 6759
4201 1934 557 382
1671 670 4687 1899
3382 1283 1185 3135
1468 942 4082 5319
4162 5328 2272 1082
3496 5585 1713 2778
2277 4333 1524 737
5011 3264 340 752
3399 4816 1109 2130
690 306 2072 4465
4564 1772 3609 1877
545 1598 4226 3726
2169 3258 3416 1549
2131 1172 3864 2730
3512 1665 2047 1961
756 1468 3551 1883
2281 1323 1774 4221
3053 6250 1505 600
4276 3767 2526 3317
3754 1677 3515 2574
1945 2551 2706 1879
3212 3877 1223 3148
366 1006 4295 4758
1383 1438 3441 2228
3902 3184 2489 1989
3891 2141 3389 1298
2556 4282 2188 1905
1668 3434 1180 2780
3925 1639 1887 1869
7270 2576 1704 639
2468 4904 4206 1879
2185 1441 1198 3062
3833 4100 3658 1926
4177 5180 2225 2919
5012 4142 171 394
4246 3469 1449 3553
1823 1372 3571 3055
312 743 2724 6172
3899 5649 2243 2101
3104 2159 3373 1749
3303 6367 110 40
2433 2729 2080 3805
4563 1981 397 183
5746 2812 4302 1804
543 220 5969 5162
928 978 5199 2699
6004 3885 1924 4359
1756 630 3509 3451
476 1431 2194 4539
804 409 3032 4608
945 1001 3093 2879
712 1671 3162 4828
6182 3092 1878 2157
1519 1956 4821 2733
1233 447 6325 3745
5109 2803 2017 2807
404 558 5032 4087
3371 5911 395 1104
1396 2279 3206 4983
1745 3048 987 2743
4759 1965 2845 1277
3792 4378 1685 1830
4245 4586 2468 3808
2554 2626 2011 2906
1733 2284 1394 3930
2246 3547 464 180
1392 782 2864 2385
412 648 1479 4372
1633 4045 1896 3275
1759 1327 3013 2432
4102 1821 1072 1226
1698 2646 4020 2694
713 740 4218 5296
1691 2547 1427 2692
1214 1967 3855 2507
1057 2236 3147 4157
3611 3076 384 594
1330 1918 4238 1954
1788 1614 3489 2352
4261 2410 788 1899
305 439 2946 3942
764 1092 2230 3972
1599 3410 3753 2656
3819 1893 3897 2021
1449 1366 4089 3656
4167 2203 1188 989
1020 955 4539 3018
2237 6515 3201 1737
1340 1806 3957 2079
1482 745 2267 4321
5606 2814 3033 2434
196 502 4453 4978
790 658 2539 3896
2191 1823 3297 3336
1496 1064 4107 4412
1405 1040 3190 3929
381 210 7330 2588
4013 3725 1020 1289
199 439 2331 3831
2148 3543 2294 1893
2722 2900 2104 1691
1175 2802 2219 3657
1055 1571 3281 5145
1639 2806 1674 3597
3020 4433 1682 961
1026 587 1683 4209
263 314 5190 4685
4405 4868 3381 2749
3448 2177 2231 1253
2245 3031 1739 4065
978 531 3176 2714
896 1804 2754 5090
3483 1353 3547 2314
1628 2083 3298 1677
2653 3767 3366 1643
3468 1545 2460 4292
5108 4159 316 156
1032 2579 2357 4129
421 1158 4179 5569
960 1334 4395 2885
1563 4300 3449 2952
1653 3865 2884 3309
714 1604 4625 3602
777 858 2635 5190
1368 720 4030 4560
1558 4344 1304 2686
1866 4774 100 234
1071 2726 3823 3186
752 297 6536 3622
3660 5815 2218 953
1702 2242 2695 2438
1151 732 5091 5118
2800 4265 2266 1416
1931 2221 2012 3576
756 676 5973 2436
3014 1208 4178 1528
1031 590 5367 2853
3943 5920 748 609
910 2071 2169 5535
5227 2777 3676 1716
3299 6204 2680 2958
2620 4342 2769 2044
556 1596 1463 3890
594 702 5187 4144
4418 4169 1148 1611
544 324 5708 3716
2439 1028 2823 2223
1978 3129 1822 2150
4414 3100 3217 2283
3911 1665 1503 2553
3744 3121 1075 571
4814 4990 120 109
1173 2189 3107 4141
1776 3441 3206 1235
1441 1163 4098 1922
1216 1220 1802 3713
1749 1843 3195 1071
2999 1666 1541 3084
417 204 1974 5022
730 1586 3007 4725
6066 3170 484 276
2114 749 3892 3256
1311 2558 2695 3312
3722 4539 1249 1062
2661 2471 2052 2060
731 716 5177 3628
995 2599 3921 4136
1794 5116 2375 2322
2712 926 2605 3413
2170 1725 2503 4590
2055 913 5371 1913
4546 3533 2657 1733
4946 2563 1798 1405
2207 5168 1477 3654
2033 1244 4904 1980
6835 2588 1656 4047
1608 1965 4042 2677
1312 1306 1781 5265
886 1848 5381 3709
7176 2444 1029 499
3774 1551 3643 2353
2347 1885 1827 2464
4545 2128 187 307
3705 5421 2607 3260
2925 2153 3375 1416
492 635 6155 3565
3608 2428 2311 2951
2474 1286 3745 3873
4151 1592 347 748
356 795 3074 3023
1579 4089 1867 3282
3306 2884 1189 2356
2338 1401 4164 2608
4555 4605 2367 2383
5499 2701 62 52
1238 3248 2996 1096
755 1974 3130 5713
4077 1768 431 856
3963 1644 2318 2165
6575 2922 1428 615
804 1671 2113 4815
5234 2178 1350 545
5085 4053 1334 510
1132 1691 3146 3018
560 420 3551 4524
3197 5028 3142 2050
176 515 7467 2606
2194 1739 2664 2276
1010 972 3714 2081
702 1560 2775 2653
4289 5430 1646 2561
3856 2928 1241 1068
6372 3222 651 1577
801 1323 2870 6082
1775 4185 412 906
373 657 6239 2695
1687 2233 1977 2306
1873 1552 2735 2180
4435 2037 182 138
6560 3195 2864 3070
2165 5113 2197 1669
1434 1937 5088 2348
1618 4315 2768 2373
1635 1646 2440 4299
5344 4147 166 449
621 1563 3832 4172
2604 963 2537 4876
2057 5558 373 276
2227 820 3645 2839
2558 892 2669 2472
4982 1962 2462 3347
4773 2298 686 1929
3868 2737 2447 822
1961 5191 361 262
6884 2603 1711 932
959 744 2629 3412
2186 1393 5031 3036
1740 2091 5096 2723
4881 1693 2337 3721
754 1302 5232 1921
1001 2796 3756 1346
2937 2944 2585 1356
5216 4161 1834 3077
975 1405 2493 5826
3466 2396 2472 2773
5041 4901 1278 2943
2884 5456 324 432
5439 2996 4041 1867
3013 2510 2395 2454
6904 2948 1158 2036
2511 1168 4178 1584
5794 3564 1798 1111
3549 2018 2591 1166
652 278 5328 1938
6261 3617 2931 1169
3345 2763 2549 1835
2347 6673 588 1651
1786 4939 3165 1189
3884 2816 1772 3637
1116 768 4065 3811
685 353 2611 4340
4450 2835 583 203
3148 2413 2345 1803
6461 3523 3505 1774
1849 981 2482 4827
5402 3546 192 551
1721 1914 2931 4443
1167 564 4124 4466
1849 709 3283 3597
4935 2559 479 469
756 398 7621 2849
1231 992 3071 5410
4662 2342 1424 2832
1103 538 4950 5486
948 998 3653 2379
366 827 4922 1886
2765 1562 2143 3978
4608 3261 3241 1150
1132 476 3036 2934
4184 2476 2621 2507
728 1044 2277 5297
5609 2923 791 454
1188 2383 3194 4089
678 401 4583 4089
663 902 7195 3184
942 1351 6925 2551
2680 4141 1755 3768
811 317 4857 4555
2136 5066 1944 2715
5607 3580 1528 1375
4277 5433 2429 959
2270 1696 1844 3263
5585 2360 1694 3161
473 957 4349 4622
4153 2114 1609 2066
4616 4601 2882 2607
1493 879 2792 3878
1351 1279 3467 2484
1041 1498 1873 3540
2792 4516 4390 1790
1718 2380 3392 1658
3849 6111 33 16
1145 792 6536 2385
867 2168 3479 1907
2723 3428 392 280
1264 2512 3651 1722
1129 956 3938 1825
1920 3122 2188 3158
2750 2084 3184 1815
3083 1392 2793 3780
3279 1233 1894 5168
1097 479 2658 3533
5571 2599 2903 2287
3957 1685 2310 1593
1956 3545 3715 2624
1047 3064 4165 1661
3074 4071 2842 2678
1610 3206 3710 2629
508 863 6065 2420
532 801 4706 2315
398 408 2651 5632
459 383 5261 2765
3603 4525 247 480
209 439 2506 3803
1573 3670 1775 2126
5367 3653 580 392
5015 3128 1652 1239
3678 2443 2419 2455
2774 3987 812 966
3348 4446 2370 1968
3293 4287 1695 3911
2011 4399 1004 638
917 2752 3832 2990
1279 801 2439 3100
3705 2695 2550 3510
1443 3262 4285 2611
2527 1115 2787 5484
1359 1974 3581 1239
5189 3573 874 1986
1117 1265 2221 3569
4183 3886 113 109
476 282 4419 2488
5492 1954 2522 3869
4067 4003 2633 3288
1655 4221 2013 2945
854 2236 4014 1817
1534 2096 1418 3805
1672 1568 6151 2556
699 544 4694 3530
2357 4533 451 325
1267 2736 2778 4174
1160 2683 4350 1506
3019 6448 3099 1763
1780 2151 3982 1735
1655 2371 3313 1396
2207 4253 581 331
2167 6366 1214 2847
7042 2805 1995 1520
2771 2840 1076 2248
2177 1382 5512 2918
3698 1651 3141 3340
4825 2066 2205 3380
3637 4787 2236 1567
913 501 4574 2789
1543 2066 1450 2901
3556 3710 1341 1627
3155 1203 3830 2477
1151 3140 2813 1420
2772 1322 3508 1348
5378 3775 1714 2839
3379 2921 1697 933
3740 5825 1022 1897
4549 4388 1492 2051
3171 3164 820 1386
689 234 4615 3594
4831 4096 287 166
755 341 3150 6508
2704 3135 1377 1732
4873 1723 1200 2255
1959 1365 4247 2071
2253 1683 3685 1719
1784 697 4394 4899
2126 1958 4248 2458
5134 4504 1875 3169
2417 2860 1917 3949
2531 5391 1605 4134
2598 1145 2748 2630
4791 3257 2282 2742
1610 2555 4153 1655
3728 6129 519 263
4226 1582 187 251
646 889 3128 3236
2114 4535 2111 3596
953 2715 3591 1232
2259 2095 1886 3705
1719 1725 1679 4477
1322 2099 3791 4082
1442 1144 3268 5936
2384 3516 266 267
5912 3639 1201 1164
3854 5648 2026 1400
3736 3768 1337 2418
4799 2167 334 390
629 561 5171 1807
2403 1121 3150 3713
4104 3703 2612 1917
6295 3112 1522 3739
2933 2744 1856 1586
3810 1322 3532 2147
1477 720 3496 5712
2656 6759 307 309
2807 2316 2949 1301
4362 2184 1799 4285
2393 3389 1114 971
2969 1544 3428 2806
353 231 4556 4984
2554 1211 2627 2215
1818 3278 1854 5091
3255 1541 2930 3218
4953 2100 2575 1075
670 1716 2964 5956
2172 995 5691 2085
2178 3469 3666 2464
734 1760 2739 4130
3950 2925 1865 1116
355 582 3153 6543
802 438 4287 6188
3866 2938 1145 3255
3230 1289 4462 2039
909 505 3381 2281
3343 3385 477 464
2320 2180 4256 2775
4058 1407 3600 2420
5528 4260 1524 630
493 785 2757 7457
2006 5157 1386 1244
6000 3165 3498 2420
4225 3911 3081 1591
2123 1032 4193 4210
3741 2845 266 302
560 709 3294 2370
2278 817 1852 5302
5711 3155 1738 3417
1228 768 3460 5616
4261 3347 2937 2875
1432 1829 1771 3209
3048 1866 3330 1999
3271 3236 987 609
3771 1374 1870 3212
683 1910 2826 3768
1316 1710 2731 5486
3476 2637 725 1155
3388 4553 1337 1374
1734 2675 2894 4313
735 362 3483 3174
1791 4357 1776 856
734 770 3869 1576
1892 5131 605 315
2720 3137 2441 2266
2751 2545 2721 1151
6390 3563 2655 1520
1061 2672 4688 3526
818 611 3444 6217
624 774 2467 3131
5966 3101 675 709
664 247 3695 5223
1621 749 3104 3340
3429 1999 3154 2870
4589 2027 1930 1544
576 1048 5405 4538
3696 5738 37 22
1935 4515 2423 2330
895 441 3089 6671
2115 4883 2736 1539
2654 2202 3334 1831
5637 2787 1512 537
3065 1416 2349 2521
1170 1004 3315 3504
7237 2615 3236 1402
4555 3699 1582 2074
3366 1929 2023 3030
1822 4665 2171 2378
2655 5533 727 525
1055 2718 2249 2321
2610 1486 2446 1742
4705 3490 951 494
2089 2539 1539 2304
3738 3537 2006 1812
2811 3984 816 900
728 1240 3559 2893
859 1247 2301 3505
5986 2517 802 1077
3363 2010 1864 4453
3243 2001 1960 4610
3289 5182 1818 1629
3214 5614 3624 1499
1795 2129 3841 2311
1940 4862 4688 1564
3028 2470 2185 2691
3174 1324 1212 3617
5220 4390 3827 1656
4731 4445 1466 3013
683 600 1926 5567
797 1526 2091 2953
5729 2596 1173 1718
4138 3754 1254 2547
427 303 4667 4624
1897 3133 1746 3293
1401 2453 2764 3282
1051 1252 2514 2829
4198 1657 1174 3049
1758 1487 3698 3716
1326 1203 3988 3683
4516 5034 1530 2854
1600 2707 2452 2302
3581 3656 2669 2473
692 635 3241 5770
2930 5448 2393 1167
2703 7065 2785 1546
4253 4997 3822 2153
616 1473 3466 6462
2758 2759 2259 1542
3828 4714 521 370
2070 4229 683 656
3392 3002 3636 1908
2156 722 3477 2378
3021 3314 2379 3544
2348 1045 2725 3620
6657 2438 1884 3733
2849 3650 524 483
4858 3303 2467 3541
5517 2467 3547 2580
1175 1206 3728 1593
3288 5660 1690 1518
1988 732 4222 2902
2528 3779 570 966
1591 2263 2088 3297
265 421 3950 6461
4065 4880 214 313
3446 2340 2050 1349
1304 2963 2379 3466
1392 533 5272 3855
3036 2640 2359 3663
1666 4398 198 549
3284 1722 2947 3548
4199 3896 248 115
2060 4169 3087 3316
4151 2472 876 654
1588 2219 2800 1542
1383 604 3493 2280
3744 2996 168 415
785 436 4977 5788
2461 2840 1817 2463
1712 2253 2468 3595
1205 1742 3503 3672
1357 499 2719 3997
4566 3473 3836 1805
3502 5592 1263 847
1440 1539 2158 2701
194 524 6245 2624
511 422 7502 3067
1541 2533 1252 3734
2371 3123 4476 1625
3710 1944 2474 3522
492 759 6641 2989
4184 2347 1411 3547
5873 2601 1552 2511
3558 4150 1627 1030
2576 1376 3532 1320
5963 2134 201 226
2690 2932 3342 1302
1369 1427 4607 4631
366 903 4787 5100
2912 6226 1055 1925
1050 1431 1815 4119
719 2094 2948 2718
3945 3518 431 158
2718 6709 315 404
1620 1877 3173 1477
768 1385 5219 3598
301 364 5062 2917
419 586 4372 3852
1793 3837 1482 2362
2023 1359 3268 1760
5038 2630 1045 2848
4517 1589 1292 2509
2036 2386 2583 2256
1328 1437 5673 2417
1945 908 3202 3677
2263 3043 1539 3569
930 917 5562 2207
3530 6241 931 853
3235 3119 2073 1201
5263 4408 584 1406
2806 4490 1894 1592
6182 2526 2415 3724
394 1127 3058 3994
1068 566 2341 3223
1687 1779 1922 4944
1573 3317 4682 1648
2613 1406 1538 4587
3376 5220 2712 1622
2069 1300 1967 5707
4769 3505 2051 2545
2222 1221 2022 3143
2571 1463 2831 2233
6249 2394 3153 2842
3238 5697 999 1556
2652 3273 1610 2785
2168 2474 2109 2452
4079 4762 239 531
1047 824 4788 3596
5040 3246 2676 2275
5440 3192 366 967
990 1876 2879 6189
1633 1475 2405 2437
2487 5597 1762 1433
3625 2248 1155 392
4687 2958 3787 1901
3257 1971 3097 1471
773 1733 2486 4367
1628 1475 2660 5371
3131 3583 739 1809
939 1095 6809 2618
2046 3226 2504 1485
2863 6704 1335 3147
2931 2796 404 1191
660 546 5895 2644
4801 2116 1093 2942
4558 1792 1710 2362
2137 4964 759 809
940 948 4064 4157
1328 486 5732 1912
1539 1723 2100 4387
1919 3572 4230 2320
414 614 2740 6293
1635 3074 3347 2078
5394 4546 296 175
499 1074 3469 4966
5997 3165 2199 3295
6383 2208 2837 2265
841 1070 3738 2028
3459 1908 1326 2604
3963 1622 2645 1779
1127 1768 3596 1668
899 562 2255 4742
993 721 4050 2763
4111 4297 946 784
1834 2957 2868 1782
5449 2817 187 144
342 276 4415 3926
536 1344 5068 1989
468 422 4296 1798
5819 2787 2644 2938
3007 1101 3336 4004
812 630 4008 2133
2507 5917 418 841
3819 6016 1270 1637
5701 4003 871 581
5517 3112 953 334
4081 4538 4021 1834
555 503 4657 1834
2225 2541 2533 1715
4669 4257 1101 2672
2361 4784 2449 910
2261 3766 1027 2257
2653 3281 1420 702
2592 2225 2531 3639
2137 3380 1109 3012
1093 1302 5085 2831
1978 787 2798 5026
3005 5303 2698 1505
216 439 3541 6983
3510 3240 1859 1915
2128 3144 2250 2361
4043 1695 1826 2017
3251 3757 410 848
1591 1050 4741 2237
2455 3501 255 525
6306 2495 1942 816
2371 7071 3540 1699
3996 2302 2581 3277
456 781 3722 3951
2585 2878 3205 1531
3284 3167 3902 1789
1496 640 6296 2506
1787 4417 2752 1493
2886 3930 990 529