2000 834
6139 3045 1150 3249
2059 4625 3631 2630
4409 3158 777 1654
1942 2790 2320 5889
729 283 2597 7134
784 435 1318 2598
2171 1329 2596 3637
554 894 465 758
642 260 8026 4019
3788 2143 3120 3544
2509 4711 593 283
5318 1882 645 214
3869 1331 5817 2210
1093 762 50 71
2832 1256 2165 6403
798 1754 3168 4280
3462 1359 1472 546
3903 5838 225 191
1084 1085 1201 2707
245 426 1471 926
3238 4853 3901 3104
5432 2001 1697 1705
2150 2137 1651 2514
1041 577 1453 1246
2855 3763 1326 2302
1203 818 5778 3650
2634 2909 2229 3391
838 1457 296 305
339 595 3996 4159
5526 2844 4175 1986
1358 2025 3583 2805
1106 1896 3911 2663
467 618 3200 3325
1324 3801 1903 4895
2517 4032 1770 3083
2074 3003 181 378
2298 6498 411 278
3760 2805 79 31
3063 1774 190 563
2470 1291 3505 2498
515 441 5736 2330
901 2460 2946 4929
1242 1659 3 7
2951 2092 3325 2175
1604 2453 2646 3142
2795 1662 2611 3694
1554 1242 63 131
3039 1320 2668 2966
352 402 6183 5848
3211 5447 2727 2501
674 733 3912 3537
179 444 2939 1329
669 477 4289 7130
2011 4338 239 310
3127 2739 1408 1702
1992 2461 1070 2167
3585 3433 1950 4761
682 234 657 718
972 1866 4907 4976
3748 1269 2015 900
1610 1140 2008 4772
2258 2307 175 131
3020 3459 1541 872
2996 6402 3726 1272
660 837 2377 2534
5413 2588 4258 3101
515 658 353 492
2518 5619 986 486
1309 1317 1759 884
3453 4748 3408 1165
1069 1079 2233 6674
3144 6422 2833 1018
1101 620 2394 6257
1357 3373 2320 1366
1775 2575 2324 3242
2627 4629 1626 1353
2922 1314 736 988
472 1243 1506 2266
5489 4169 2914 4093
3169 2402 72 36
2082 1511 3467 3096
1714 3194 1216 3239
606 1469 3660 2164
4999 2849 4085 1610
2246 2318 745 2027
3108 2082 2873 3924
481 1394 871 1428
1267 456 270 570
1687 2728 3785 3142
1039 1126 6323 4133
2998 1208 2965 2953
1033 368 2393 4400
1777 1263 80 142
4301 4421 2552 4550
569 1582 1174 2124
4527 3791 1710 3772
2754 4178 3102 2604
2651 4987 3563 1596
644 998 292 531
631 1247 3453 5730
1033 2872 4436 3134
2205 5616 499 1093
2980 1591 3576 4610
2303 4080 1048 2152
2795 2079 2275 1145
2168 5853 4762 2083
3901 3088 2577 1519
1757 2994 4130 1536
4251 1720 4497 1605
1883 3294 1430 1610
1820 2631 4012 3850
641 1080 2953 3283
228 393 3694 8933
2018 1329 1905 3705
2953 1957 704 677
1618 1060 2013 3230
4815 4178 367 262
1004 1132 4249 4454
301 500 1226 1491
928 2368 2442 5624
5840 2510 2349 1321
3040 2627 3162 2800
3999 3870 1312 1549
2765 3545 2100 860
1133 2882 559 186
1488 570 3332 2432
3126 4348 1582 1964
3870 5640 1195 1204
5505 4463 1576 1599
1726 4730 462 333
1924 723 1545 3493
755 1091 1457 2641
1339 1960 554 1342
599 1450 1665 1412
5149 3599 1995 4193
1179 807 2969 1217
1704 1757 6353 2523
612 267 1593 2462
909 1038 3393 4840
3052 2936 2490 3863
4755 4999 1599 3466
1841 2508 1167 1391
1568 1905 3111 3337
2432 4292 1610 4260
3675 4121 2934 1444
873 1338 7589 2884
2260 1037 6000 3160
4684 3728 733 846
1583 2542 605 278
1762 4136 3969 2872
3578 2774 3265 1831
1803 1232 5128 2416
1461 1508 5568 3000
4824 3770 3509 3829
342 515 970 1033
2689 3011 3 10
1624 3271 2946 2166
1798 3125 839 491
3940 2384 1317 2405
3628 1880 164 286
1951 3972 1677 617
2050 5067 1800 2259
4590 5286 2433 3307
1005 2485 2194 816
472 832 8099 3263
2769 2366 1026 362
5362 3971 4667 1645
1773 2844 936 933
4191 3987 1360 646
7004 2757 608 1310
3207 6227 2346 4253
2994 2336 2195 2389
1956 3839 4417 2272
1461 4297 4413 2470
5422 4062 2974 3647
909 1010 5309 4283
1032 1815 3547 1489
455 532 739 803
1959 4025 205 200
1081 1784 1887 4852
1970 1170 4836 3439
5225 3856 13 40
1644 3330 1643 1060
430 301 3297 3336
2698 1715 177 328
768 600 7887 3708
1205 1420 1584 651
1379 686 16 41
5242 2911 3131 3711
6515 3321 396 1032
6032 2495 2009 2966
3941 4770 923 2655
1933 3464 783 675
2765 1980 2693 1708
2753 1319 3645 2410
2571 1028 2337 1914
258 504 4184 5190
345 507 436 616
3604 4614 4202 2148
509 712 2165 2312
4198 3081 194 351
3154 1641 403 473
1605 4398 2462 3363
1521 557 250 750
3873 2295 761 419
6526 3272 3393 2839
4511 3156 3140 4246
3745 2252 1887 1634
5072 3063 834 1305
535 548 6790 4344
5390 4491 700 1612
4084 4281 1095 447
1780 4464 3623 1348
1719 3180 1367 2235
5052 2964 4748 2611
2145 2171 2224 2462
4797 5125 1398 2305
1859 2672 3868 1872
4058 4013 1318 1454
1060 377 1214 885
2704 4421 1768 2049
5132 2375 642 1232
2132 4396 1470 1928
2687 3089 4323 1702
2077 1660 3015 3231
4064 1888 104 281
2367 1010 7 9
1022 555 1841 1308
2842 5442 1388 898
1313 697 8117 2902
2485 3949 2558 3797
4645 1565 2378 1519
411 435 967 1128
4765 4741 2254 3655
4289 3421 1383 859
2227 5239 1193 1458
4704 2488 724 1474
3112 2087 1423 2572
1259 3604 296 805
1686 3841 3301 2278
3854 4700 3496 1799
959 681 1342 3328
5856 2258 2253 830
1251 537 3742 5411
1183 2058 2727 5821
1837 1906 58 167
3249 2616 238 90
3327 3122 1496 1802
886 478 1887 4326
3480 1817 3041 3154
4744 3874 1236 2612
2255 4098 11 23
3533 1179 13 35
373 276 4364 6976
3689 1741 930 1917
3294 5741 2143 4743
3352 5618 3080 2435
1585 3693 4153 3128
2533 1830 3007 2030
5176 4124 3714 2774
1245 929 759 281
1346 2309 1082 872
1152 3359 1797 3622
2102 974 3437 2133
5322 2582 2037 1397
3343 4544 742 977
1060 1117 980 451
3236 4026 2018 4871
1841 2125 930 363
2508 3060 2687 3917
4412 5295 725 995
1608 1118 2779 1508
4923 4824 380 626
3546 1369 2389 5167
1872 5189 2575 3543
3590 4690 669 1295
5168 3162 3060 1499
2761 1208 3304 3897
431 938 4489 6610
5439 2659 700 1216
4680 5310 1515 1956
2778 1988 463 517
1741 1289 284 246
759 1097 1344 1422
1854 4344 1138 2953
6097 3550 2261 4314
1053 1434 1742 1581
1202 1995 2273 3268
4446 1558 378 695
1889 3173 5167 2157
694 1457 2410 6921
3570 3718 837 1781
3154 6747 495 264
2836 2080 1005 919
2097 2775 4832 1877
1866 4666 1322 1464
5258 3452 4200 1583
1477 541 2716 6741
1349 2509 159 306
1998 2180 2166 1270
1085 1312 1225 3077
5503 3634 1640 1861
3956 3998 544 1053
5915 2764 2604 956
1575 1028 4189 4320
2449 932 5164 1769
1426 547 2302 2803
2685 2008 2604 3833
826 1409 4374 1628
3381 1203 133 265
606 850 5414 4971
3744 2066 656 1964
1537 3881 2087 1074
2114 1460 2822 5847
4264 2719 2146 949
4220 2411 1237 3558
1498 4345 1434 1408
3573 1594 1421 818
2927 2971 675 921
1273 817 1832 966
4415 3846 639 845
4458 2043 43 61
2653 3690 1819 1757
1907 5197 1087 960
5292 3028 3893 2584
5310 2960 221 621
6121 3776 1712 3145
4199 2824 1861 1842
1138 2786 1536 3652
1092 2310 2180 921
5187 4263 233 178
762 1624 2481 1861
202 477 5645 3398
2479 1591 5067 2710
2456 6226 1596 770
1350 1691 5895 2228
3392 4042 496 1469
1458 793 2561 3442
4543 2081 748 1313
1091 1942 336 518
4819 1679 1335 1629
728 1568 3763 5985
1020 2588 944 1742
2250 1611 2209 2546
1012 743 5355 1945
875 1341 2483 7436
4627 3643 3002 1161
2702 2666 2787 2887
5654 3992 486 1377
1335 1497 536 1129
894 1089 430 986
1471 1188 4423 4518
2618 1987 3654 3791
2304 2644 4358 3749
5731 3928 2646 3625
1177 2168 2843 3047
3481 5778 778 557
524 972 4095 4843
2990 1060 694 1619
1075 2700 5272 2619
1386 2207 182 242
2597 3717 439 279
1037 882 2475 5837
4588 5003 1993 4835
5500 2039 2222 927
3144 2101 272 388
3711 2951 2694 997
629 352 272 471
5080 4772 816 769
4518 4657 3672 2492
1111 2298 4368 2548
1483 3567 5138 1851
1053 2234 4413 5350
2769 4468 2027 2160
575 267 1484 2024
2109 4978 323 901
2750 3206 3556 1632
2612 978 1561 3387
376 695 4161 2017
371 736 801 1133
1803 2417 3111 3801
6278 2231 1244 1745
855 1803 951 1345
240 522 2118 2839
707 978 7384 3747
1692 1963 3397 3126
1555 3820 814 728
283 416 6299 3220
317 645 1167 3253
3016 3465 3264 3477
1645 4752 2071 1982
876 700 7895 3597
6234 3681 3275 2852
1914 982 912 2662
3910 3895 2923 1868
2911 976 1216 1378
4184 1728 1171 1935
448 757 1149 739
2498 2715 1940 4886
1844 2033 1339 2462
3927 2854 2470 4869
604 1163 3369 4140
430 327 2267 826
3601 1617 1559 2421
4324 2680 1231 2079
4806 4934 3614 3349
5045 3608 1323 1775
1701 2466 467 246
3239 1125 198 415
1256 1074 3451 5489
2355 4257 1400 2126
1269 648 1118 608
2419 3346 2066 1174
5696 3545 1085 571
886 756 2428 880
1537 1747 260 194
641 600 7085 3396
3648 4686 2987 2231
2811 2287 2112 1209
4196 3454 1650 4803
4518 2552 1064 488
5627 2032 1222 966
443 1327 6097 3287
1452 2577 3492 2118
4064 1883 324 768
1054 768 833 2145
4848 2969 3692 2629
3079 6296 2819 2771
2461 2819 1025 1378
4667 4415 3317 3362
1477 745 3776 6413
2692 1366 4371 1686
1084 1379 1870 1658
3226 3353 1967 1729
2139 1237 111 230
4898 2067 1288 1495
3629 1543 3875 2390
1622 2573 2760 996
4358 5274 511 629
2899 5794 540 903
5633 2570 1200 1803
654 350 5802 2764
1612 2309 3467 5118
1724 3348 3135 4897
243 685 4293 6839
796 1071 3167 2592
1383 1982 5202 4412
5816 2979 2156 3144
1370 2780 4112 4462
4084 2576 599 997
782 801 7518 3938
2931 2687 4159 3492
870 947 943 1787
244 493 7481 3471
5953 3261 4688 1685
2347 5118 831 1000
3367 1181 2974 3186
1865 3986 4104 1462
2590 5483 1348 1632
438 338 1701 795
1614 1644 3823 2537
3912 4408 1231 2260
2370 2525 2236 2275
1581 1494 1176 684
2832 1469 1242 606
5629 2151 4339 1909
3177 2671 829 452
2295 2518 2968 1625
1822 1011 3958 3291
2594 3392 4114 2389
2467 3903 2088 861
538 224 1842 3650
4732 4643 2375 3208
4146 3356 2778 3996
3142 4643 3121 2098
4089 3018 891 2027
6463 2204 2564 1668
651 1150 455 795
2782 2091 2111 1700
5648 4040 415 641
5359 2630 127 271
4288 2176 2192 4764
2906 4363 2020 1339
1280 1436 3345 4324
1307 1630 4320 3364
3596 2761 1885 5406
1836 1215 2296 1100
1466 2883 2880 3325
223 411 2851 4535
2367 1311 3752 4664
3154 4002 72 90
3953 2030 214 615
1624 2961 2389 2069
750 408 1974 5078
501 580 5781 3859
4056 3444 1078 2958
3214 6071 330 640
3270 4558 3066 1776
2645 1008 2477 2854
5607 2408 1070 933
6147 3105 3440 3602
1133 2410 2207 1161
2327 4341 4043 1481
2634 4977 1853 1088
2003 1255 2758 3385
4059 2299 3288 2456
200 507 2547 1072
3080 3950 1011 1214
3635 5270 2323 4723
1270 817 1860 3763
1686 2365 3240 1191
1270 751 2165 1009
6091 2482 3039 3113
313 335 3199 4102
3392 3558 1797 1106
997 1963 3479 2072
2589 4071 4012 2830
1975 4137 1167 945
3988 2790 2775 4049
627 750 2624 1069
3549 6146 1156 1491
380 397 3371 5230
3526 1399 1390 2681
5061 1982 74 77
3183 5985 961 882
2405 6779 452 256
783 1453 2179 1722
5686 4020 687 1814
4290 1471 585 233
5036 3569 826 769
3891 2093 1932 2884
3395 3449 3063 4027
266 352 7534 5095
237 442 2357 2613
1743 4827 1206 2331
3923 5148 3041 3060
4011 4564 1351 1151
4525 1843 1641 2621
2845 6420 120 99
1650 1217 1857 958
5260 2790 1217 924
5918 4057 1572 2908
3853 5617 270 384
3644 3982 820 540
3316 2845 444 837
1530 4000 4765 2711
1644 1066 513 1031
4378 4747 1825 3391
1613 1475 2981 3990
4094 5215 110 96
428 270 1636 2897
743 1444 5322 5129
2580 1066 28 22
1661 2933 3594 4767
250 716 6324 3613
440 528 2112 1233
882 1944 4545 3375
1901 1495 1921 759
4771 1597 2545 4554
2245 3403 1980 4209
2340 4765 2797 1746
3683 1666 663 1632
2027 1167 472 812
572 1692 6145 2112
4114 1880 1373 2900
1851 624 1317 3465
2326 3944 2571 3432
3350 5596 3393 2101
4184 3742 3723 1385
2561 3242 728 1351
455 254 5244 2183
4758 3928 1026 656
1620 1443 1205 862
6127 2927 215 378
463 698 5815 3167
1036 2855 1260 1856
2751 2471 685 491
5535 2447 4595 2339
2359 2017 2737 4178
1823 792 590 213
628 780 535 530
663 779 7068 4746
565 403 6040 3316
1948 3713 1424 1945
2005 2047 618 1353
2872 6870 1083 2791
862 1862 232 202
3225 1180 3255 4466
1811 2858 3976 1873
2340 1569 3798 3303
1357 969 2208 6551
1575 3194 3635 2070
619 798 2341 2900
3559 4294 4681 2711
2752 6148 956 556
871 1318 4434 2445
5338 3895 3392 4015
1089 1022 2717 2849
549 547 4119 8053
414 665 287 204
3343 3815 2408 1772
3962 2502 1058 1205
1837 917 366 663
428 675 3044 2329
1708 1671 4337 3680
387 1094 1881 1758
474 349 4759 2563
1114 587 5350 3346
1631 1541 4735 2495
6048 2780 226 383
1502 3812 2816 953
4531 4545 3088 1657
1216 751 2981 5616
4412 2469 421 437
1124 978 2552 5652
3356 5406 992 571
4046 2483 794 1918
653 347 3288 1998
1668 576 6700 3578
2513 4468 2825 3902
3793 3655 1276 683
702 1530 4069 2563
2370 4895 4426 2789
2475 3771 1971 809
2437 5660 2205 2313
1469 2501 1874 2981
714 867 2150 3002
5154 2806 1326 1903
4009 2811 3058 1098
3036 1137 3134 5293
840 1346 3484 3739
5313 3359 69 99
2113 732 383 581
267 469 3117 1831
715 759 2597 985
5606 3858 3384 1229
2546 3405 530 251
651 456 3423 3076
1209 1709 1483 1626
1217 452 1490 4112
566 278 3879 1952
6464 2764 2277 1690
4455 1937 2783 4259
2151 861 5311 3474
423 251 7181 3474
448 682 1773 1033
513 862 6738 3732
5459 1932 756 2252
1707 2794 1388 3583
2802 6645 999 1594
3649 6039 1480 776
6420 3519 326 278
1919 5009 3748 2834
1934 2617 2211 1876
2617 5330 1899 1012
5947 3715 1270 1372
1013 1652 485 625
2619 5752 953 2829
3308 1485 3551 3894
954 2380 3755 1628
1347 1922 5837 4035
5585 3040 40 80
4455 3831 24 28
2276 2302 5254 3258
4403 4532 600 653
1353 3341 703 995
2915 2255 183 347
5041 1914 500 793
1563 4215 2939 3069
3296 2703 993 597
3186 2537 419 394
6136 2431 142 191
3616 3940 2192 2177
1564 1790 1567 1431
4405 3538 2566 2051
920 493 4199 3158
3332 2618 3170 1440
1433 1249 4199 1840
2496 5429 3029 3248
2762 4358 1377 2865
1769 625 2076 2869
5873 3789 24 20
5933 2397 1195 1969
4294 1552 2365 3473
425 535 7058 2635
3963 1516 215 483
2157 1094 5887 2667
1517 1249 1320 2297
1617 1074 1400 3764
969 1541 117 91
2424 3085 1661 1266
587 1142 1723 2382
4826 1934 701 607
1036 949 3333 5737
5653 1998 3559 1493
2119 4028 1308 1287
4687 2792 1256 668
1582 1132 6377 3995
1367 2396 899 1809
5622 3115 698 398
1909 2279 1549 2013
1737 1483 1245 1615
2257 2401 2853 4972
741 1646 1862 2930
1769 4998 4914 2127
760 1003 5320 3584
3607 3697 724 1800
2517 1575 2654 3838
637 1753 1422 3116
2388 5147 3826 1312
2532 7203 3340 4001
1950 1440 3197 3965
2845 6126 1336 1661
3120 3788 1236 2639
2240 3517 1321 3920
2069 3509 2654 1421
816 1533 1038 1647
410 843 1578 3203
2357 2160 1374 3860
2454 1952 2205 5553
1366 1733 546 551
1065 584 5532 3455
4312 1443 3375 2442
2654 979 2525 2087
3489 3217 110 333
4469 2614 1327 1004
1605 972 4763 4964
6373 3156 831 2429
3499 1355 1330 3974
1217 1038 996 1084
740 1830 881 323
5060 2619 1104 2123
2258 6138 757 912
3587 1626 2892 4822
5551 3552 2561 3044
3241 4747 2025 3949
1747 5094 1313 3712
1699 2894 2581 1550
1859 1411 5441 2271
5866 3788 1085 2362
3107 1764 4184 2242
6279 2524 490 444
443 901 4332 4843
4267 1662 2156 3684
1741 604 5019 2602
705 2046 3296 6579
1987 3159 1187 3150
3865 3473 3591 1838
4245 3305 1062 2148
2661 5766 836 1533
1701 1246 241 627
3669 4976 247 94
3466 4793 1283 1436
1221 3218 3907 2722
3685 1326 1280 1952
1204 3294 324 366
3015 3078 1245 2252
330 510 2157 2274
2053 5346 1605 1625
759 919 2365 4850
3667 1393 1562 4156
1798 1404 1244 1401
4438 3387 910 1620
3498 3911 2916 2709
1488 1936 4385 4361
3332 6225 60 162
536 458 7211 4766
4868 4209 2526 3488
1078 1061 2514 3071
1604 3148 337 207
1490 4076 2463 1006
2018 4444 450 746
1289 512 5087 5169
2408 1021 3470 5257
836 1331 3765 2978
1731 2123 3096 5422
1583 2536 2368 3856
2462 2041 2332 2278
5310 4163 15 26
876 1349 4483 2631
1961 5682 672 1825
6295 2191 736 1611
1114 2482 2969 4505
1505 1313 6425 2754
3621 4203 3360 2898
2404 6710 4254 1815
1943 5014 2433 2104
2071 4439 1997 2308
965 1968 3166 3405
2859 1817 326 887
3357 4022 532 245
2569 2587 24 22
1093 677 3361 2422
188 446 4471 2186
3557 3885 1110 2702
4873 2848 1259 1740
1282 1017 1452 2089
4907 2579 3526 1737
2354 1065 2271 2002
3153 1305 1467 2016
3473 2411 1260 1227
428 984 2886 5191
2968 1533 1170 2048
3800 4172 2601 3895
1700 1728 587 662
4064 1794 1990 1245
902 1139 5516 4860
984 414 165 147
3362 5047 1093 502
1803 4422 3325 1170
1107 582 1022 2824
2896 6658 2426 1292
3603 4996 389 569
2186 3080 581 615
390 712 1728 3326
895 488 499 1092
1637 3832 238 123
3471 6382 3965 1884
5669 3992 610 540
3901 1350 670 1200
4666 3209 1713 896
2704 6936 1338 682
4333 2109 1695 2298
2766 6506 4613 2016
2601 961 741 714
6749 2319 1871 4481
5597 3987 1288 1635
1682 3032 1255 1420
1406 1273 1091 1082
2814 2413 2331 1851
1294 2510 3915 2912
1116 2934 1409 1466
3303 3795 1524 3622
1488 1018 2859 6060
5124 4742 787 1117
2124 2020 5062 3271
1007 603 6900 3006
551 244 2233 797
1613 565 7061 2968
4288 4160 4239 2945
3900 1999 1621 2426
3498 1308 459 491
2165 973 1240 430
3048 3189 377 215
939 1311 169 473
3030 3463 2416 1553
1263 1698 1444 3557
784 1056 1967 2043
716 2037 4238 4046
3639 3081 2693 3244
6192 2622 748 1936
458 695 5311 4952
3539 2206 111 245
3536 5329 1387 755
3638 5750 2726 935
1734 941 887 451
3936 3474 2265 1252
750 809 2908 1902
3231 5948 914 1288
2064 3430 1594 580
358 1020 2069 1520
1025 618 3450 1788
3554 2832 773 2006
5562 2749 2455 2475
1686 1023 5667 4157
3832 4810 1875 3603
3056 5965 3695 2186
3062 5039 3744 2379
977 1422 1855 4678
3981 3785 512 1050
208 456 3980 2025
5866 2556 32 93
1486 4279 509 844
2035 967 5120 1782
2619 1763 771 1807
1189 2861 2209 3127
1138 916 2045 1423
6670 2943 3915 2622
2257 3566 1237 964
2971 1191 1771 2242
904 2541 5390 4387
4109 5064 431 1227
2141 2497 253 127
2955 2311 1913 1408
3961 3095 1204 3182
3924 2598 2851 2526
4839 3306 594 324
4347 1921 1503 526
2125 4507 4052 3128
1196 1410 525 1063
2649 2429 1212 2150
4509 2640 2994 2980
524 819 548 487
1316 3365 625 285
667 466 937 356
4788 2551 543 1437
1407 954 3540 1798
777 1973 3226 1419
6508 3052 1081 1491
5096 1757 231 690
2181 5363 3141 1664
966 329 201 434
1895 4374 2278 3678
2488 1688 1959 2658
4958 4049 3103 1663
1918 1731 1948 1550
860 755 5682 2844
6416 2604 1232 643
2915 3722 928 751
1196 1272 4503 1602
5804 3558 3569 2230
445 303 4638 2660
3365 1714 1037 903
4288 4369 918 910
2369 4371 310 180
2260 2462 1595 722
2087 2055 1326 1094
2694 1608 1564 1832
3672 1312 112 178
2030 2313 396 257
786 1951 1815 2826
2786 1314 1198 557
2313 6568 2106 1469
1820 4073 2520 2568
1890 4897 1299 440
728 910 3403 4113
2347 1867 181 193
2531 1459 585 881
3628 3499 3646 1682
2121 3417 1795 1402
517 655 2044 1163
1746 1043 1881 2231
6473 2744 404 266
740 1282 1972 1449
2111 3408 60 19
2887 4260 1657 2281
2269 4822 865 1597
1361 621 3437 3237
3272 1441 1590 2363
969 2749 958 1244
3292 2282 298 752
3994 1774 1885 5398
4430 2851 937 774
6146 2380 1120 1156
1840 894 5644 3030
496 629 1979 4782
4128 2032 2899 1814
2363 4971 2412 1994
1619 2966 609 1310
1552 4623 1403 856
1396 3715 1080 1183
5738 3849 3213 2995
4061 5055 4425 2307
6005 3706 3130 1409
1367 3640 3624 4168
4538 5427 3565 3495
3534 1400 1183 903
1712 1997 4429 3214
728 1051 2200 2916
4066 4617 3086 3398
585 1235 2459 4783
2583 4657 1917 2017
5703 2398 878 448
1389 708 4870 3132
3529 1373 3406 1295
3303 1181 1456 3728
2206 1621 3973 4970
1645 4454 3632 1381
3668 6292 2101 4421
313 285 1424 2543
4912 3128 480 1148
949 539 5162 3600
2279 3156 2118 2327
512 220 1454 923
1444 588 3664 1668
2450 2483 2838 1720
422 348 6987 3831
2233 2725 283 304
1867 1020 2862 4342
2289 1675 3787 4445
2839 1527 2635 6261
2720 4538 1468 705
5761 3339 3198 4109
1861 1527 4826 2275
2473 3071 2735 1994
402 367 2930 3684
6700 2451 1169 2243
1361 576 5761 2095
4496 3961 1209 3574
2284 1638 3574 4739
1578 1361 373 182
5758 2939 1664 3917
794 2203 3977 1534
2578 4286 3383 2432
2574 4921 50 64
1753 2093 2685 3576
3128 1323 2033 2091
1918 769 589 443
1492 702 2973 1440
2976 1594 5032 1698
941 2220 1384 3368
1291 453 1480 2383
2273 1818 1265 1088
1170 654 1023 2779
2041 3668 2266 3142
2076 738 1296 3727
1094 1505 3447 5301
1217 3400 200 100
2168 1820 2781 3070
212 583 1053 2254
2659 1061 2068 5378
1392 971 3923 4611
1950 1296 1186 633
4134 2327 1872 2174
2059 1058 5959 2617
653 1492 4584 4957
343 885 5094 6928
5807 1940 3722 1267
1337 1269 467 532
3624 5186 469 448
915 693 7637 3821
3792 4801 159 225
274 532 1154 2775
2123 4169 3863 1349
2210 5811 4211 3126
3164 3309 2461 3742
1030 594 2140 2813
4008 1654 2385 3474
925 839 1322 2473
3388 5476 91 35
3259 4007 1027 1212
3550 4106 75 28
906 402 4211 2007
2468 3273 163 366
676 595 1514 3713
999 2236 3883 2341
2610 2231 4665 3615
2616 2336 438 331
234 518 4916 3256
4498 2001 455 339
2634 971 416 385
3993 1393 1511 1680
2342 2576 1735 606
1230 565 729 1975
2866 4337 138 92
2857 1305 497 205
2012 792 2774 7515
3738 4478 2687 899
1210 2029 1233 2099
1801 1589 2819 2266
707 700 1713 3169
931 2513 3832 2509
4555 1789 187 336
4842 5087 1147 629
2469 1093 2586 6093
561 696 47 64
2015 2470 586 339
3067 3935 2687 4662
2052 2207 2895 1568
478 524 2378 3346
2720 4753 2020 1770
6448 2389 2839 3403
2767 1622 2359 5562
1204 1166 1181 2304
5711 2669 1209 1977
3092 2564 365 137
3135 5784 2627 2654
2280 2810 2889 4473
3334 2480 2515 939
904 1520 2539 5976
1074 452 3215 4136
1884 1306 1549 3939
414 975 6607 3456
4271 3521 3697 3324
3198 3557 2257 3306
1056 2939 2441 4063
2850 5950 1674 2969
3370 4500 1018 545
4029 1579 113 239
1914 2073 3834 2258
5014 3007 280 104
2619 6005 494 312
1328 3006 4296 4464
846 1962 407 824
560 345 2710 1535
2721 6238 3651 2214
1985 4354 98 209
1279 2375 2295 6213
3235 4195 1551 1443
4989 3717 3343 2759
747 2168 2619 4587
6713 2239 2545 4404
3473 2966 227 370
2772 5221 1953 1400
5724 2237 3653 2568
1141 3077 2233 1156
987 604 2507 2722
450 428 2042 2004
1881 1962 1712 2251
1133 2536 4121 2395
983 1907 4550 1574
1654 4576 2270 2669
3262 3486 1887 1590
472 175 5161 7098
1282 900 3758 3095
3550 4040 825 387
3410 4197 178 216
1709 641 4636 2196
604 1108 3887 3172
4744 2704 1891 1475
2567 6873 1204 1503
1308 568 150 98
6828 2661 2402 832
4598 3766 2992 2587
2054 1230 4372 2003
1486 2731 358 290
4510 3672 5066 2360
3443 5890 1802 2710
519 737 4196 5399
526 1174 2737 3922
1408 1750 5842 2098
2294 1219 700 1463
2140 836 5167 3738
653 880 7342 2838
4460 5145 1254 3534
1898 2381 2647 2235
2277 990 1764 603
4676 4570 1406 2925
4104 2461 2591 3206
2152 2228 4123 2213
6060 2211 826 1741
785 410 683 823
1582 1578 3014 2501
3661 1578 267 94
3370 1380 349 446
3287 1452 1640 2564
1275 1232 1130 2662
3657 3488 826 1713
1822 2372 5871 2652
2105 3779 3135 1177
1810 1557 2918 2459
1846 2953 244 701
3793 5648 3926 2819
2628 883 4117 5023
2465 3833 224 379
5487 3687 1490 2465
5945 2901 2449 4335
3665 4296 445 1225
1959 1551 3343 1894
3074 1678 346 958
2410 1672 1573 4623
6034 3222 1687 3610
5080 3624 2903 3616
4959 1926 151 83
3858 4869 33 62
2069 1418 375 653
1937 940 5668 2111
2913 1844 3212 1883
318 355 8444 4124
4195 4798 235 658
2416 1837 851 922
543 551 2403 5453
6700 2321 2989 2992
1942 2907 3237 1575
3394 6219 387 325
2643 1045 1599 1334
707 725 2409 1546
1719 2596 2371 5443
2965 1312 157 310
3795 1665 338 522
2841 7012 525 1386
543 965 2289 3177
2397 1405 892 568
2568 5614 1486 1369
1102 3104 2720 997
6597 2752 4158 2524
303 877 5253 6298
2023 1551 5077 2835
3245 2347 1644 1001
5689 2051 637 1236
298 315 2632 5778
2817 3165 3497 3212
6543 3425 2739 3521
1899 2403 1976 3445
1008 2341 5037 3336
1083 450 3918 6999
336 464 4367 4778
3502 4715 1093 1626
1391 1876 3558 4096
269 457 5480 1928
2373 4529 3683 2306
498 412 1673 2140
2747 3335 2118 2189
3294 3124 4822 2125
1216 1776 5661 4478
1998 3979 804 1998
649 1839 1865 4274
2816 5958 3929 1807
1998 3382 286 392
2205 5981 3589 1550
1244 3155 6197 2080
1717 3971 931 2441
1740 2063 3459 4651
988 986 4065 1524
467 317 848 913
3572 4825 1085 3081
2408 3807 540 896
1995 1031 2216 2925
1039 2214 3958 2162
4087 1893 2334 2400
3940 1897 2051 4059
1687 3016 2235 2846
4512 4134 2548 3152
3221 2774 1885 5009
3284 3475 1093 1392
2749 4750 879 961
2562 4335 1779 1518
1607 2494 2475 6502
2733 5132 447 647
961 2259 4147 1597
2311 2238 2355 956
996 1210 275 599
452 252 4782 1982
4196 2889 1167 3482
308 350 7034 3871
1682 1109 872 2387
1028 2942 609 397
6772 2952 4237 1816
5803 2679 912 707
2823 6871 3748 1843
1657 3135 2053 5640
3589 5986 955 1914
1100 1771 255 103
3230 2417 2787 2870
1355 2589 1582 2197
4306 4251 2069 2443
1721 2121 4292 2695
3476 4789 4074 1829
3656 3448 2914 2720
857 2505 3786 1350
3829 4721 1139 888
582 1464 4490 4061
519 375 2677 5667
1166 1966 5154 3769
1909 3362 1715 1778
3428 4963 3062 1316
3189 1747 615 1724
2818 3303 47 46
1308 3579 3486 4257
5729 1972 3047 2278
5782 2716 3721 1550
1786 3524 369 505
3339 6533 2824 2388
1721 1789 397 175
1046 1946 2457 2983
2978 6349 345 162
2358 1793 239 284
6479 2416 1033 2215
3018 4154 512 1478
766 947 1511 564
5695 3428 601 827
2964 5441 900 1825
3394 2014 1710 1334
560 748 3376 3394
2229 4836 3161 4079
1944 3610 2719 3758
1139 941 1752 2880
796 1407 3033 2464
4312 4134 1245 3385
1317 3764 1521 4388
6390 2349 6 3
2223 2466 2544 3983
5115 4040 3182 2288
1955 1553 1971 4335
4499 5277 2369 2660
581 774 1379 3972
1428 919 3613 4764
3014 3121 567 288
1413 1446 2794 3215
2672 1952 1707 1231
1700 3756 2264 4337
4881 2182 2467 4140
1855 1002 4272 5555
6420 2308 1628 1123
2469 5599 1724 3951
936 1903 3275 1673
3541 1926 4454 3325
4887 3119 2767 1013
2655 1943 1472 1665
494 329 6138 2663
2472 1892 2289 5494
1332 3779 311 258
2717 2397 641 481
2026 919 567 321
4385 3535 1259 2157
2647 2308 4705 2065
1474 2904 1236 1113
1742 687 1113 2099
2321 1009 1405 3682
1210 2503 3220 1694
3034 1226 502 589
1649 2572 1958 3495
4238 4799 393 1036
1281 1448 2652 1404
638 291 456 269
5806 2296 1469 2201
856 301 1877 3220
1058 594 5985 4702
2934 3611 585 410
4500 3462 3215 1260
2914 5055 4312 1474
3333 5164 756 1218
4388 2010 1712 912
2165 1629 64 31
2220 3802 3503 2402
3271 2957 88 204
4266 5462 1548 1488
3299 2517 60 63
1748 2638 794 999
3162 4415 1326 1044
3208 2947 2737 1130
3741 1908 290 304
3285 2091 2081 3759
364 933 3363 1535
499 507 3565 8471
2355 3977 590 401
5708 3362 3722 3138
2060 4460 626 506
1527 2391 5038 1830
4995 2651 2089 1844
291 423 2181 5346
4465 3693 4065 2920
385 868 5398 6086
1272 2603 2950 4161
526 626 2844 1415
1141 2634 2193 4065
3420 1809 294 834
1956 5160 1559 3466
2384 1753 3824 3558
1976 2076 2969 1798
2491 3608 205 180
4714 3272 4234 1830
1160 1174 2122 4648
4293 3269 685 1126
1904 1187 5278 3846
1225 1877 208 252
431 570 815 1706
2864 3590 2381 1125
5373 2665 568 1067
1364 2943 4077 1496
645 569 3502 2570
3701 5915 1256 1898
1564 1653 4075 3541
1137 3015 2909 4123
2262 814 730 374
3125 1392 1896 1821
2072 2926 1214 2577
5470 4148 1310 3692
3688 2095 1698 1280
1290 563 3193 2163
3828 5401 437 605
2231 2227 4173 2128
1184 1075 4194 1623
3903 3337 411 462
3124 1229 2300 2630
1033 1486 266 486
1250 1087 5989 4940
3211 2238 3610 2998
5545 4038 3960 2594
3578 3720 1102 2072
5457 2157 1490 3107
3083 1964 3898 2369
755 387 2822 3238
535 429 3845 1478
2195 3196 3238 2748
1319 1665 1847 4412
3391 1434 5380 2445
5042 4883 1541 668
2472 3789 1222 2144
2216 3913 3433 1568
6173 2457 1857 4609
557 1642 1582 912
2809 6236 711 816
901 1975 3542 2781
1911 811 649 425
1571 3699 2628 2266
5236 4414 83 76
534 776 4250 1999
689 1853 2209 5469
1699 2033 598 1077
2411 861 386 593
2681 1294 183 271
1104 554 7103 3239
1440 1970 95 164
1801 606 3583 4124
3833 3968 933 2169
2002 4757 360 1005
762 1269 5543 4440
2718 2428 464 305
6158 2786 1671 797
1687 3635 3515 3253
947 513 2436 2352
5935 2993 2206 1196
666 344 1619 2800
6399 2470 3792 1864
2601 1062 6501 3102
2836 3180 1264 1516
4445 4024 3270 3031
2049 3425 2598 2907
1121 2470 2975 1920
3805 2921 2991 1604
2781 3676 3526 2093
2077 2306 1650 3931
3703 3717 305 101
2059 1384 3015 2151
793 406 1390 3252
703 948 2000 3736
6730 2512 3841 1548
1657 3179 2474 2485
1130 1147 1368 2032
819 1118 2972 3305
1167 2882 399 586
778 1860 4011 3875
2232 935 612 585
922 1834 3794 6632
1201 3470 2473 2841
3321 2922 298 293
801 2099 2733 1885
3260 3841 4 12
3091 2777 3600 2594
5571 4167 3513 1377
1230 3122 502 377
314 388 3003 4812
2465 3996 2760 2895
1583 2543 2611 3689
2731 6590 1399 4089
1544 3553 3061 3626
1787 1558 4445 3953
1974 4286 1272 889
481 447 2838 1493
3814 3022 833 844
2678 3696 1230 524
4614 3186 3088 2824
5367 2966 1107 2739
4736 2266 410 158
1406 1975 501 216
1610 1055 3343 1762
1411 3631 1141 541
5014 3613 4020 1719
1217 1633 2438 6019
1252 2538 3576 4817
2113 945 635 911
2913 2103 3876 3361
4166 2595 2623 2021
4241 2541 2714 1447
247 384 1648 2041
2969 1675 553 1262
4711 2831 548 1573
1054 1344 1172 1264
1657 3898 1799 4693
2757 3875 3012 2561
4515 2463 1545 2264
1361 999 665 271
1954 1172 2451 4090
1253 1465 5714 4543
6099 2845 1203 2947
438 267 5200 5361
2038 1419 2358 971
585 309 2266 2145
3761 2678 455 221
4196 3409 508 1217
802 1917 244 132
3948 4198 799 2134
1389 1778 4495 3651
1849 2449 2440 1327
4639 5188 1051 3146
5844 2022 4932 1844
1693 2647 729 1667
1399 1175 2755 6020
2099 787 2236 3362
1517 1983 3694 3955
2315 2055 2662 4438
2250 909 1707 4774
1288 1166 4665 2668
5350 3167 374 219
5223 4672 352 120
2217 1940 3613 2622
5513 2477 3310 1668
2882 1204 376 706
5161 3554 2289 1208
1521 1763 1120 896
2917 2481 863 410
4664 1904 75 78
398 458 1166 2666
3325 5104 2478 4626
1313 1800 2009 1998
5177 4152 1517 2360
3204 6191 1470 868
680 1280 3215 7677
825 525 3612 2071
2264 4565 431 202
4088 3691 1885 1274
4419 4441 1182 745
4323 3892 3470 1573
3698 3683 1287 550
3337 1131 5396 1960
1794 1214 1659 1557
3705 1446 3716 1639
1386 4092 2575 5183
1719 631 2115 2143
2950 6042 1321 1048
2387 930 4542 3191
1917 844 4711 2471
3298 1658 1519 525
2397 1606 4080 1381
529 683 3566 4248
2811 2991 2148 4244
2687 6417 1772 4999
4584 2027 3027 3453
813 1183 1037 2873
2189 4137 3412 2735
3312 2755 1597 3487
1119 1125 1218 2936
2850 3290 3182 4007
2539 3988 3421 3738
5509 3021 747 550
246 379 1472 1624
1349 3554 2127 1505
2767 2117 203 440
3613 4793 4436 2305
5228 3257 2304 3237
786 526 2786 2479
5512 4006 1266 1534
2842 4771 1668 732
1953 4761 460 467
2839 2315 1666 843
1179 2793 2082 3162
497 267 4143 6283
4625 1762 816 716
2222 1879 4465 2139
5272 2263 3515 3592
2102 2276 2267 2769
1981 1639 2233 5140
2844 3615 719 1204
338 877 1205 454
4036 2725 2190 5121
303 886 2173 1539
726 798 1274 2002
6318 2349 1692 2025
6617 2655 1772 2779
2882 6730 2665 1246
6382 2643 661 1761
2969 5770 666 764
2808 2981 2508 1979
421 277 2562 3701
813 1995 1710 1319
985 1553 5248 3114
2909 5608 21 62
2915 4073 494 1274
1484 1994 860 2449
2527 2540 665 458
608 317 3492 8602
2746 5749 1874 1900
5059 3049 16 9
1053 2732 4295 2024
4552 2891 3218 2818
872 1070 2194 1040
2509 3220 3140 3924
384 470 5822 5052
2523 2321 399 276
942 516 2081 4103
1812 1640 489 369
6047 2226 2461 2661
5249 3456 994 594
4069 2489 3039 3277
3072 2481 1618 1581
2342 6900 2153 4584
944 555 1262 491
1805 3015 2994 1046
5860 3014 183 534
3326 3461 2032 716
3461 5171 556 907
1240 695 501 288
552 1627 245 334
500 789 3479 4802
2196 2017 2992 2058
4692 2946 1346 1347
1874 5475 1792 2784
2628 1045 3292 2827
1451 1435 6521 3074
2301 2178 1311 738
2874 3584 3103 1972
5787 4172 1466 1897
6655 3239 2141 5150
2620 4654 1135 2531
5454 2173 3428 3894
848 1154 3347 7011
2510 6046 322 466
5229 3284 4444 1513
2825 2362 890 1110
2234 1490 2195 4435
4189 4980 3672 1329
2984 6981 58 154
962 350 6083 4122
3898 3029 1506 1521
3986 5220 549 651
936 467 754 815
704 1848 3756 1917
2195 3520 2783 1686
2594 4348 685 1694
2923 4760 2413 4940
2425 2480 1273 2412
270 553 2323 1858
1407 1374 3953 1927
5679 2718 2915 4105
4989 1789 4559 2579
1717 938 2397 3713
3046 3402 345 677
588 902 1090 2763
5943 3808 3398 3114
1571 3135 2708 5379
2513 1725 5385 2348
3490 3548 1079 2312
2693 1037 3093 2490
2717 3544 1451 855
2922 3222 726 1846
782 1118 1682 3378
4158 1785 4420 2861
2375 4444 1777 869
3757 3995 169 130
4502 2247 1949 3158
783 1843 2688 4202
4422 1752 630 349
846 680 2568 2946
3883 2371 1826 1444
2682 2030 2261 2052
448 261 3661 2687
2252 1875 5092 2033
773 2069 6388 3743
2148 956 1854 3379
2222 1522 509 530
1621 2787 295 283
792 1918 2644 5297
4235 5256 3667 1313
4509 2684 3595 3697
6653 2495 864 689
534 505 3326 5115
5879 2591 159 162
5351 2803 599 705
1868 2811 415 347
1534 3437 1834 1991
4331 2665 969 1543
2827 6773 211 524
4239 3997 108 293
2613 5023 1684 3993
1552 2822 1515 2043
2629 5142 475 577
5886 2488 1330 1742
2141 3357 3439 2322
2345 2657 337 320
287 831 4638 7167
4443 2066 586 930
3129 3681 444 927
6172 3462 2053 3530
3045 6803 3390 3329
1407 521 2038 6046
1863 3004 1835 859
3321 2845 4216 2854
863 950 4685 2912
2814 1921 1864 1705
2032 739 4002 3931
1998 1706 1703 4071
2031 2391 5345 1925
4769 2218 578 569
1003 883 2597 2993
4598 1876 772 2184
1206 930 4340 5398
3697 5764 1000 431
291 629 3142 2812
2297 5635 1090 2098
1178 2752 234 348
884 1180 3830 5385
974 497 4537 7191
901 2046 1454 1933
1263 785 2029 3569
2144 3939 1413 4105
2600 3963 811 1266
2393 6813 2432 2382
2941 2194 3079 1106
2040 1585 1216 613
4572 1969 1601 1601
2585 5354 2047 879
2503 840 1512 1092
1437 1460 469 678
1620 2260 294 460
5045 2239 2507 3007
588 1103 2428 3222
604 1423 4486 2645
1921 2082 751 786
2412 2764 1746 1780
1349 3870 1092 1798
3868 4061 2011 4826
5423 2269 1760 691
1591 754 4342 2393
1161 1177 6621 4279
3033 2593 2438 821
3423 1250 907 798
3969 2581 3998 1767
4390 2470 2947 3066
902 1986 1534 1581
3551 1356 607 323
2351 2240 4384 2052
1869 1655 1231 1782
335 932 1295 3259
961 326 2562 2021
2214 1349 538 984
3967 1613 2527 3772
3821 2747 462 1047
3217 6114 2423 2851
512 690 4372 3167
3970 1681 2262 4702
3481 1264 4482 3920
2261 1933 2309 5238
3112 5738 1693 3426
747 1839 1462 1639
1309 893 3122 3203
602 259 476 890
2528 3709 268 326
3242 3715 579 228
3900 4768 1831 1611
856 1988 4732 2688
1988 5559 817 807
4449 4998 619 1110
1979 1828 43 74
611 326 7418 4473
5007 2902 3790 2195
1843 4070 2211 4481
3184 5086 1643 3121
2596 5971 1455 3785
514 414 6687 3929
2877 1869 335 226
4112 2188 2197 5157
6524 2657 1644 1929
1664 974 2912 6226
1422 2278 1437 1153
1288 2581 1309 2421
3218 4384 2212 3810
715 744 3610 4546
492 344 5739 6515
2198 2219 1891 3967
4225 4090 174 130
5128 3435 1023 2323
699 1424 1397 577
4346 5637 199 506
1088 682 3076 6764
338 927 2994 3350
3480 6217 711 1108
1368 1674 2581 2387
2782 5430 844 549
443 383 2140 2916
536 700 5550 4772
1000 539 338 247
4731 3443 1392 495
3556 3137 27 8
1139 1671 2300 781
2340 1070 3537 1393
2786 1209 1603 1794
918 354 7427 2522
4685 3153 225 77
3905 1771 1128 3037
5206 4499 1186 2241
1683 1842 361 538
3027 5416 1561 1997
2942 6096 1680 2778
3878 5803 853 939
1361 933 102 139
4071 1960 1608 2318
4381 5539 2684 4363
4599 1797 859 1868
4661 4480 2056 4687
2457 2533 1354 1771
2261 830 733 2151
3491 5193 733 1538
1766 722 213 83
1170 2361 838 1762
2703 5156 2666 1875
5923 3236 1386 1875
1198 1347 129 144
2139 1891 2848 1286
3775 5863 19 46
390 1094 5998 4267
2632 5680 2179 3512
5239 2550 2827 3059
456 421 632 1338
994 856 1164 2158
2828 1473 820 2189
5207 4295 3142 3154
2181 5762 355 250
2933 3606 549 760
2821 4830 3774 1524
1347 982 3032 3319
2301 1196 199 149
2859 6867 1249 3050
2683 2948 588 672
1771 4734 635 1595
3583 1971 1740 1410
1324 2408 373 467
4352 1873 3085 3193
1905 1996 1134 1730
5595 1932 2748 1478
820 1506 784 467
500 601 5444 5174
4791 4851 2168 4014
3519 1564 1097 3023
2857 1325 2406 1090
1669 2119 175 212
3744 1312 3163 1298
2706 3367 377 295
2293 2046 1761 2381
5088 4760 644 549
4260 1676 3869 1720
5778 3700 533 562
337 703 2481 1217
1094 3102 4440 2021
2349 3770 2867 1743
6600 2810 1423 650
4880 3092 218 184
5644 2678 5264 2033
590 1723 2056 2061
830 1668 5587 3074
4344 1554 3024 3359
3470 1322 3670 3459
315 278 226 269
1586 557 3482 6563
5934 3772 428 441
274 811 7010 3728
6603 3164 2856 3128
3396 1385 3618 1529
2534 3701 1798 785
2286 4414 1576 4535
3563 1739 709 253
1687 899 99 143
861 418 4264 2315
6090 3234 2882 2192
4390 3845 2892 3770
845 349 5865 5481
3084 5291 965 1051
699 1411 7499 3094
1418 2992 51 39
7159 2831 1843 1282
4253 4031 109 249
4115 2170 389 505
3067 6002 1766 4453
5925 2285 2960 4360
1985 5252 4386 1923
3290 3236 351 887
4464 3728 1686 2065
1997 5394 1048 2327
2595 2087 877 430
3394 3175 860 2274
749 1562 414 1125
2029 5349 2892 3023
1902 5002 803 2013
2258 4039 388 1007
5495 2348 2185 1739
1774 2882 5258 1934
1905 1708 4269 1655
759 1361 2060 3868
1194 2657 1805 4718
4252 1567 416 162
764 509 7058 2734
799 706 2372 1366
1939 5569 3979 3017
3104 2578 2637 2879
3123 1384 1727 3671
4061 2042 2056 3300
5158 1922 1627 1764
255 404 3661 5724
2383 3299 4266 1737
3530 1698 3752 1296
330 962 3541 3307
6719 2881 1413 1986
6197 3644 1532 2230
5650 3559 668 1107
2348 3434 3158 2916
1512 2848 2940 2119
837 597 5124 4733
4907 2018 744 1619
2380 1294 5756 2553
2674 2811 44 122
2674 4591 762 678
4039 1896 4141 1590
1067 3014 1592 4530
6575 3413 85 123
1542 611 3516 3748
976 947 2869 3530
1122 2297 6485 2846
533 551 652 1467
1010 945 6048 2250
2875 3391 524 178
450 183 3094 7087
991 553 5091 5615
1102 2001 1251 1510
832 416 239 139
1052 2885 3121 3000
3681 4414 2309 2781
2143 1831 4084 3480
2489 7012 485 1079
3700 2764 125 204
6152 2414 2180 903
4792 2870 4735 2368
4603 1547 3495 1561
1601 4195 1710 4423
3463 2617 1790 3820
3845 3401 2710 1016
1395 1693 4131 1977
1115 2647 1352 3177
1233 1787 1120 465
532 1584 1659 4423
379 762 4631 6042
1694 2287 1145 3007
3859 5243 304 491
2009 2821 2756 2095
3500 4518 2069 5293
1329 1765 1641 2091
3946 2573 1867 1118
2460 1589 1046 1534
4749 2367 1606 724
4305 5171 3808 1895
904 776 1310 3038
1308 565 2147 3332
2036 4941 1779 4792
3760 3891 173 456
1085 1392 5272 1783
4744 3070 1506 4094
892 1946 330 546
2098 804 5775 4302
1931 2019 4432 3713
1027 550 5101 2431
2680 6599 2487 1981
1608 666 510 890
3077 1807 1461 2549
1925 3577 4644 2580
1627 1816 2840 3382
4186 5232 1119 1950
1715 5131 1987 3274
5526 4019 464 1240
1159 834 167 88
5845 3801 1785 3940
3173 4292 1348 1727
3139 3264 2940 1477
2419 4489 1812 2233
581 592 3477 3516
2549 2279 338 797
538 996 651 1828
3706 4166 2475 1172
2359 2307 2713 4307
3948 2138 1680 2325
2015 2178 1229 1430
2042 2664 2393 2961
1779 756 5503 2472
477 713 2571 6150
1207 1741 1241 3105
6872 2887 640 1471
1295 3393 237 432
1365 1572 100 122
1378 893 784 1785
2626 939 1804 1631
3246 1403 1958 971
3186 3827 967 969
1829 3195 564 771
3422 2550 3650 3687
1311 3286 3556 3058
2230 2062 2037 2047
484 1186 4672 3446
2233 757 977 697
6348 3026 111 45
6058 3140 2954 2550
5894 2605 2473 999
2094 772 1018 438
5088 3251 4287 1610
2454 1849 2343 2640
6394 2670 1268 464
1713 4136 1061 3163
1339 1738 2170 1994
2912 2551 621 669
1397 564 4672 4885
3578 4046 860 1048
303 406 676 1196
2848 4309 1320 1496
3675 3122 1234 598
1695 2063 5733 2277
1054 1223 1278 3207
1504 2032 52 46
1710 4274 1492 4057
1882 1570 269 516
1822 1781 2857 4409
1602 2318 615 1524
1669 1800 5257 2733
3882 3146 1874 5482