10
22 75 534
53 40 7 35 77 40 62 74 42 74 24 27 92 15 95 24 9 74 18 16 16 31
20 11 100
77 76 10 32 83 78 35 16 93 10 7 45 81 70 92 55 1 99 11 83
20 4 1243
59 61 48 76 6 79 3 74 78 91 75 51 93 61 93 78 81 12 24 96
24 98 738
97 4 98 85 38 1 68 56 19 45 20 55 30 90 45 31 8 97 53 90 28 6 31 5
23 76 550
6 32 71 32 18 99 6 85 89 37 90 27 95 18 54 58 40 75 8 82 4 84 43
23 6 1505
75 88 5 89 53 97 82 62 64 63 80 72 89 79 55 68 20 65 10 40 92 63 88
23 92 315
46 100 72 63 2 76 64 59 57 5 53 82 90 31 92 27 91 75 67 82 76 11 57
23 95 987
30 37 65 85 81 39 39 86 95 36 94 59 26 23 48 75 38 13 68 9 66 11 72
23 95 743
93 78 53 100 13 97 70 43 3 59 24 22 79 10 94 94 63 60 39 15 36 86 41
23 97 699
18 51 86 70 78 28 11 77 43 96 10 56 65 5 15 52 88 92 36 83 76 91 31