20
50 14 101
76 400 212 219 375 140 87 449 184 42 456 394 15 296 438 113 273 315 104 55 469 244 75 292 240 382 328 27 281 21 112 495 397 243 374 394 81 429 103 351 357 178 196 489 314 390 97 364 97 22
50 198 8103
352 325 172 297 73 271 56 153 173 134 36 372 242 462 363 157 38 482 250 261 86 198 99 149 278 316 305 4 40 52 432 112 297 136 327 302 279 37 401 1 27 447 340 455 305 41 197 368 252 133
50 353 13519
451 93 330 8 91 353 294 314 482 254 480 94 74 412 442 104 339 281 421 364 159 240 403 328 454 11 439 85 392 221 164 377 54 158 262 275 121 51 472 180 211 143 394 247 195 461 278 100 173 437
50 444 12497
138 368 177 443 414 169 95 494 432 421 481 139 355 117 3 402 398 438 474 385 225 241 237 462 14 79 46 54 295 210 69 127 2 436 110 324 339 305 279 406 283 234 210 424 477 442 173 203 270 347
50 9 308
299 196 255 452 331 12 45 304 295 202 100 279 483 472 26 293 195 186 304 145 436 326 269 176 390 333 333 297 46 10 46 258 334 395 333 65 151 154 18 155 15 68 253 80 183 108 110 218 426 250
50 222 6474
405 492 294 120 172 459 113 232 491 487 461 286 171 49 436 301 304 500 7 266 349 356 397 85 16 121 172 366 229 407 448 97 311 10 479 371 221 333 74 37 437 66 494 28 102 498 186 462 254 351
50 190 9119
178 320 297 198 350 426 210 35 478 380 480 224 161 340 188 482 89 127 171 225 122 290 385 242 189 458 50 129 5 402 306 119 365 14 413 250 184 109 451 494 112 46 61 432 129 465 308 450 104 2
50 93 8992
129 411 92 250 376 109 28 261 449 470 395 83 475 467 195 423 450 7 128 153 27 174 312 468 242 175 186 97 214 33 23 337 273 174 23 227 321 142 124 441 318 168 449 464 145 127 206 493 364 255
50 209 6128
387 50 208 423 259 480 82 497 45 168 375 296 147 44 264 382 2 104 118 189 448 205 378 126 204 191 397 187 367 190 331 265 251 62 342 112 366 375 222 70 295 209 74 9 320 103 139 215 348 224
50 233 5889
287 472 128 174 58 108 463 23 398 181 431 115 364 294 341 205 355 135 262 267 190 390 134 124 473 75 475 152 227 277 288 379 427 59 22 243 164 120 366 324 369 242 232 113 470 44 3 432 154 460
50 342 11920
365 343 325 223 59 433 32 318 463 354 111 447 411 406 266 101 418 272 345 415 176 196 336 341 350 322 252 394 244 422 361 492 321 265 183 343 439 381 306 338 494 160 287 101 401 57 150 254 375 172
50 70 11517
105 439 414 9 153 434 415 389 3 293 176 484 77 345 440 237 7 244 238 17 235 107 231 113 215 5 410 484 113 107 430 486 306 144 493 418 69 287 87 179 51 372 193 4 158 181 171 306 192 51
50 12 2869
448 404 457 349 306 449 144 450 358 11 58 349 482 131 387 123 327 49 344 306 61 284 496 215 322 335 317 105 313 173 158 279 411 10 134 479 139 434 458 143 43 4 187 3 458 15 493 203 299 393
50 14 89
138 109 301 430 133 261 15 81 113 203 57 97 193 215 302 137 266 301 373 263 459 383 340 216 41 414 64 441 394 110 340 391 138 105 332 365 490 179 144 294 358 359 398 409 171 133 486 274 151 483
50 269 13375
388 386 338 301 334 281 149 94 187 69 205 269 351 18 4 347 22 417 451 71 43 235 183 436 305 307 313 268 367 272 85 498 343 384 120 123 265 424 172 379 441 244 311 145 82 478 301 304 489 376
50 135 11915
365 39 233 462 6 7 354 126 435 207 371 156 255 390 286 365 316 431 317 179 53 296 85 15 135 295 275 292 283 131 66 48 377 298 17 198 293 127 186 407 339 289 109 271 252 365 326 1 383 268
50 114 4953
241 413 124 467 103 85 50 209 17 488 21 113 357 269 421 6 190 321 203 195 481 221 263 250 7 356 356 209 155 10 297 278 474 432 400 490 344 318 360 412 468 14 410 46 384 485 174 153 118 208
50 96 7129
382 11 335 41 291 327 426 20 101 224 416 306 498 492 408 438 107 182 73 345 33 282 306 444 234 321 446 253 76 114 147 50 60 25 135 291 392 249 16 122 163 95 44 160 227 116 449 387 460 167
50 11 16564
160 271 10 484 437 268 267 251 492 328 352 414 312 319 480 459 398 430 300 342 288 312 293 397 320 317 370 322 316 405 431 438 484 349 376 396 40 327 260 442 307 260 375 311 20 258 418 442 80 425
50 21 2910
153 238 344 344 220 406 39 72 328 458 151 238 72 310 166 174 192 195 320 79 114 258 53 189 58 198 180 217 34 307 308 236 81 20 44 178 318 158 411 481 382 270 101 177 296 331 56 443 497 82