10
100 173 18722
67 312 91 323 496 189 370 362 274 25 491 63 64 215 399 367 255 89 432 263 354 68 190 155 484 232 445 245 217 169 266 464 476 172 360 5 444 35 339 99 96 408 9 30 211 114 196 355 118 149 276 45 50 251 61 266 107 294 295 16 237 373 388 433 271 227 346 140 363 170 43 472 294 197 443 150 466 495 429 488 496 168 130 104 67 494 228 493 194 170 52 193 317 78 111 385 54 424 192 324
100 50 12280
207 39 379 259 318 355 433 194 144 43 129 496 29 253 204 2 327 193 430 188 190 198 199 478 480 352 158 281 73 145 92 487 339 429 471 66 272 184 406 355 111 117 337 31 375 234 130 292 105 49 136 27 163 297 213 276 346 464 198 265 291 433 234 1 95 86 372 377 277 137 376 34 181 407 496 130 351 96 399 290 262 484 400 494 83 161 171 255 35 384 319 335 265 118 181 277 443 280 1 255
100 23 321
410 394 463 123 314 153 184 463 231 281 460 346 441 300 24 190 443 457 165 378 242 291 344 339 385 468 400 374 199 161 239 189 148 436 472 485 358 75 221 217 78 105 206 240 311 242 63 372 75 309 202 270 119 131 271 305 305 499 277 47 185 243 266 350 240 24 116 200 313 419 242 481 169 74 222 88 354 76 182 419 484 145 499 239 378 143 473 104 442 476 352 118 288 433 84 90 493 365 67 37
100 6 35406
434 385 470 310 320 446 446 390 345 465 303 290 441 305 343 497 318 387 384 456 415 260 384 373 269 405 324 461 313 450 309 160 374 325 251 362 302 254 337 466 10 415 391 341 313 383 465 265 364 340 264 494 354 277 350 486 363 452 273 5 252 351 261 276 400 266 392 321 474 449 476 40 398 422 323 427 410 267 481 451 286 259 487 20 496 345 460 80 415 395 435 365 441 281 476 340 368 426 257 497
100 481 6153
91 375 165 395 293 264 293 173 376 230 353 140 349 157 369 197 59 421 480 85 361 102 287 287 75 413 321 450 140 390 40 293 73 385 482 404 432 399 338 94 183 384 408 472 466 362 433 431 317 404 19 40 124 392 200 449 399 260 405 264 280 372 457 161 346 286 297 355 180 485 269 450 155 13 214 434 288 292 113 24 275 242 27 258 377 305 192 243 458 69 414 206 360 83 318 67 259 342 251 447
100 488 15194
158 59 231 198 264 178 333 40 281 456 427 277 413 80 454 427 242 89 238 378 282 169 362 85 419 95 67 64 331 267 104 435 4 482 73 286 57 304 102 336 149 132 64 429 208 225 264 246 448 168 98 40 489 71 408 487 7 404 292 92 3 362 6 86 301 42 11 328 12 83 213 452 398 124 149 263 376 445 221 496 442 105 364 312 478 451 341 93 427 193 272 81 5 12 119 171 24 255 97 60
100 428 20999
155 71 133 234 84 173 280 432 207 132 253 252 304 357 379 141 3 123 275 267 143 346 269 499 418 6 363 35 253 387 152 279 458 57 460 407 248 326 15 474 417 237 363 97 153 23 81 42 285 89 376 335 194 418 127 186 389 427 495 225 422 98 225 373 342 395 466 335 177 469 189 86 364 77 186 51 168 216 192 191 150 289 194 245 396 86 97 321 441 453 178 17 394 180 469 111 452 256 377 220
100 347 10080
470 108 331 173 452 104 494 13 434 327 467 25 189 99 277 296 177 326 223 337 346 127 274 76 221 278 103 285 228 24 187 500 54 103 177 363 11 22 280 78 64 330 346 134 342 186 277 412 361 103 139 186 299 180 435 166 224 361 284 500 99 127 7 275 327 121 363 399 423 56 69 352 400 82 211 371 396 152 216 341 170 200 477 249 4 348 343 24 133 129 254 92 210 263 359 346 175 161 334 66
100 415 26366
471 101 453 233 456 426 127 131 295 55 85 12 415 57 163 50 221 194 51 107 184 195 295 387 331 280 374 374 16 35 45 149 65 434 212 483 375 482 336 184 404 247 164 246 322 324 114 170 171 479 198 134 439 358 219 12 79 354 471 44 411 156 356 456 138 128 160 474 237 36 202 439 294 451 314 351 270 442 42 186 396 105 430 298 334 437 240 298 376 324 372 216 287 463 188 256 149 459 309 183
100 202 22491
34 254 71 60 197 108 239 147 330 318 408 61 412 498 119 486 192 29 356 449 229 246 499 487 12 181 341 201 206 376 206 23 393 261 138 211 276 333 113 417 112 35 403 199 201 310 153 481 266 360 208 477 468 139 86 232 353 93 215 461 275 153 302 396 403 345 381 399 126 259 134 181 69 231 60 455 307 476 181 323 432 330 393 433 57 321 344 290 145 146 447 149 289 422 135 148 462 224 335 373