10
100 401 49860
467 103 390 410 51 59 961 933 558 987 842 113 908 822 881 380 607 362 717 104 706 985 928 309 239 277 238 83 563 154 263 35 981 815 768 254 242 417 515 320 677 845 207 931 931 68 718 616 169 508 251 936 785 834 15 159 396 418 611 403 103 552 558 498 112 596 865 165 441 782 149 263 141 55 702 911 958 350 524 165 483 296 443 888 269 953 800 155 31 805 989 401 270 688 307 426 888 612 245 395
100 584 36489
73 852 961 741 284 982 401 787 17 372 181 916 122 405 525 693 571 430 181 136 621 220 580 255 585 342 207 45 871 185 733 632 67 213 542 141 716 876 450 379 390 420 883 861 78 829 949 218 131 583 750 895 381 26 198 765 418 658 861 304 972 606 187 406 371 992 314 792 18 748 713 87 672 583 276 109 165 890 763 320 882 719 647 73 364 108 21 627 379 676 758 504 1000 104 602 198 432 138 235 753
100 727 33563
415 61 822 499 935 109 498 37 110 982 720 114 272 371 142 253 988 509 594 258 549 789 197 468 679 430 32 493 827 682 113 52 40 437 942 944 876 437 477 364 831 502 358 905 540 915 633 85 746 878 181 152 301 670 930 144 602 360 788 671 168 851 305 931 313 72 729 785 13 843 50 902 114 948 559 151 874 219 634 602 101 190 344 371 846 304 107 832 644 828 16 519 701 966 71 726 844 834 872 974
100 111 5140
914 100 990 619 6 224 727 378 138 450 306 997 351 886 609 461 776 566 414 418 330 300 91 485 991 443 748 191 958 802 467 111 289 840 942 290 224 354 243 310 987 596 886 477 444 207 341 196 279 664 986 907 521 537 620 878 371 649 210 481 610 395 345 159 497 910 329 281 851 305 52 484 810 410 811 717 331 780 532 654 482 238 852 936 291 397 153 110 773 955 391 230 378 91 657 932 542 287 66 114
100 15 924
346 285 222 975 91 51 307 511 44 519 539 265 843 752 379 616 998 420 274 344 450 155 823 898 296 461 936 527 447 754 264 923 949 898 383 473 923 217 981 948 878 415 614 885 729 76 362 947 514 333 491 399 721 781 527 661 344 899 978 858 462 977 84 934 559 855 420 121 648 111 813 116 340 759 888 54 413 157 58 933 514 16 150 434 785 295 783 881 880 163 858 32 981 775 496 677 196 431 61 148
100 631 24259
477 923 716 496 744 475 116 751 12 102 722 602 516 988 361 521 630 138 667 705 147 584 791 243 919 226 597 408 684 10 413 826 89 532 550 998 948 830 877 839 429 254 75 68 154 114 264 266 839 205 957 667 271 489 837 875 210 330 833 303 632 56 94 81 6 873 561 421 463 66 852 498 260 22 176 722 572 987 337 641 725 642 138 80 702 236 448 205 814 610 21 564 668 763 637 799 386 110 281 18
100 23 817
207 181 675 545 514 262 137 465 696 485 645 726 871 164 222 972 617 743 87 656 545 711 861 924 283 81 453 336 803 435 71 943 277 852 457 153 819 682 569 848 594 38 313 679 759 110 103 401 338 1000 465 733 324 261 221 642 789 264 631 89 610 586 553 144 994 581 935 24 997 325 851 197 864 173 923 449 184 651 521 85 833 892 936 739 34 683 397 182 224 133 299 395 601 138 544 74 218 532 52 538
100 6 66319
876 572 612 782 562 946 507 734 742 654 599 631 650 514 754 595 539 867 867 606 912 796 5 660 550 936 640 593 10 963 616 20 695 849 971 570 836 600 744 666 922 607 900 599 651 835 672 954 601 508 684 508 661 871 40 802 632 844 559 932 788 606 616 772 712 501 80 800 507 985 973 894 570 621 160 568 518 791 552 836 663 847 787 767 538 575 601 853 549 745 606 640 569 965 773 664 820 625 533 320
100 449 2701
251 484 973 104 1 226 144 276 429 338 742 390 832 399 448 767 453 101 201 346 989 24 624 277 852 812 781 779 214 308 425 229 529 572 248 578 333 830 462 231 765 341 354 879 318 712 723 917 24 594 189 478 8 223 376 957 235 588 712 637 837 665 251 666 495 157 620 394 319 28 344 447 448 650 992 516 270 14 556 555 94 192 532 671 93 818 107 249 674 366 553 571 83 709 761 718 247 336 795 499
100 208 42677
559 771 207 229 788 864 912 135 433 400 345 482 554 959 165 229 795 355 766 748 614 980 234 535 226 535 330 298 199 61 67 905 717 670 996 953 320 516 669 521 621 645 915 136 879 948 443 834 895 715 696 764 483 647 16 835 717 459 477 897 88 740 19 328 153 127 218 149 140 382 732 743 646 235 675 748 70 320 748 169 528 505 507 476 536 138 867 687 848 739 967 944 686 50 327 60 345 530 98 457