5
200 9 142944
655 904 32 888 865 815 681 687 737 582 882 590 730 943 944 595 816 768 692 648 551 849 865 781 698 837 862 565 8 765 609 505 517 531 699 615 949 584 822 742 632 720 725 638 680 999 885 686 859 556 868 915 721 512 602 707 64 887 843 570 638 577 521 521 652 818 856 966 536 649 668 636 706 521 820 792 512 918 589 646 760 505 828 874 505 912 615 628 900 880 708 860 796 973 722 747 707 596 608 941 528 605 980 616 571 16 711 735 553 693 686 639 984 590 889 615 771 726 912 839 993 988 825 625 513 984 703 688 619 917 618 942 555 982 690 643 585 505 256 740 906 905 878 613 561 826 716 898 702 554 520 504 723 509 523 822 732 609 603 821 669 811 640 532 990 859 547 128 870 679 676 840 757 735 968 548 923 608 711 751 979 633 895 803 820 778 966 685 739 941 924 968 624 848 876 717 741 619 731 967
200 3 148182
997 877 605 562 743 860 854 512 526 728 642 881 773 955 995 938 794 540 963 630 987 643 838 771 879 656 591 949 551 705 742 839 888 8 980 577 784 819 847 635 518 940 962 4 755 840 671 761 685 963 822 631 802 128 16 990 558 937 661 924 810 941 686 829 749 733 804 603 528 811 749 594 654 734 921 527 512 982 751 965 817 721 656 525 959 770 611 576 840 997 549 701 584 599 2 946 565 645 642 977 531 504 701 741 514 803 794 891 966 972 977 878 951 668 911 888 645 974 545 723 830 688 958 907 737 765 723 787 625 671 825 796 969 884 769 512 900 773 789 687 611 615 524 910 786 64 746 613 770 825 632 822 545 700 997 925 795 974 804 908 577 760 925 703 783 32 576 856 995 924 876 935 591 704 770 660 811 525 729 681 607 612 902 989 882 562 958 256 609 571 971 925 695 894 976 984 707 947 987 797
200 669 12856
22 355 268 237 184 896 139 88 226 731 58 236 224 509 700 711 201 83 113 993 199 585 203 187 633 353 477 999 823 937 901 749 866 411 795 978 1000 272 976 99 542 702 18 84 391 549 467 887 295 56 793 449 60 43 651 425 640 65 135 127 870 634 533 351 394 190 893 924 778 150 869 635 771 32 643 332 978 362 328 693 278 660 70 415 28 174 310 335 77 678 850 89 44 167 683 759 747 447 997 720 585 676 689 880 898 915 908 449 592 391 771 628 656 375 746 942 984 724 739 118 659 856 67 172 408 635 442 328 635 668 319 923 91 368 18 920 988 95 118 290 80 182 123 356 996 673 273 745 278 35 980 768 57 157 272 342 236 557 404 997 859 23 89 833 63 556 376 891 147 1 971 987 180 324 261 237 815 632 472 86 361 264 38 834 913 363 3 55 83 799 808 340 703 468 888 681 686 691 981 1
200 702 13667
161 825 932 681 171 726 553 264 811 279 628 327 10 683 8 336 775 376 33 242 164 82 84 792 18 824 310 425 337 87 358 580 557 826 589 999 547 322 542 716 387 351 701 450 441 280 929 644 275 468 949 591 915 790 624 867 373 337 796 601 641 682 247 570 267 752 41 860 248 508 395 689 797 278 122 565 932 337 126 825 465 704 853 521 809 987 376 647 245 641 437 357 316 121 637 252 747 269 434 374 324 425 216 496 518 534 781 759 654 267 828 170 496 667 401 444 365 472 159 323 32 801 995 701 566 142 863 401 323 444 822 124 445 248 757 170 45 250 338 67 436 50 341 856 753 585 349 962 678 235 975 667 498 512 248 928 597 666 673 102 907 545 79 389 695 650 934 691 224 658 824 479 905 141 543 722 149 288 703 676 287 78 194 656 624 907 97 448 852 830 125 282 840 628 866 626 727 995 685 313
200 828 74415
833 938 137 396 768 993 526 795 953 6 33 671 903 807 561 440 19 825 646 753 174 697 489 195 826 611 273 490 952 921 351 299 312 732 887 950 820 88 131 664 805 270 757 701 739 121 697 725 273 249 635 337 173 126 629 809 296 184 214 652 577 926 646 594 819 590 60 6 483 358 203 457 579 644 630 974 33 160 201 243 216 189 411 500 187 475 344 364 462 673 245 559 476 414 834 677 478 462 226 513 426 529 785 178 141 198 139 786 854 664 831 154 164 582 577 89 253 455 588 542 364 886 444 476 562 334 623 493 74 169 574 931 506 676 675 144 512 983 742 215 282 124 368 554 5 555 752 942 196 264 513 536 342 519 662 428 272 173 166 827 21 477 815 41 531 873 441 546 926 426 891 553 956 593 525 516 633 810 732 716 171 251 828 77 995 995 861 841 874 591 537 19 132 550 615 104 320 463 302 513